# Time-averaged data for fix agcmcstat
# TimeStep v_wiatt v_wiacc v_wdatt v_wdacc v_nacn v_nmob
0 0 0 0 0 320 350
400 64 0 36 0 320 350
800 121 0 79 0 320 350
1200 175 0 125 0 320 350
1600 228 0 172 0 320 350
2000 278 0 222 0 320 350
2400 329 0 271 0 320 350
2800 392 0 308 0 320 350
3200 439 0 361 0 320 350
3600 495 0 405 0 320 350
4000 544 0 456 0 320 350
4400 598 0 502 0 320 350
4800 649 0 551 0 320 350
5200 699 0 601 0 320 350
5600 752 0 648 0 320 350
6000 797 0 703 0 320 350
6400 847 0 753 0 320 350
6800 894 0 806 0 320 350
7200 944 0 856 0 320 350
7600 1002 0 898 0 320 350
8000 1055 0 945 0 320 349
8400 1107 0 993 0 320 349
8800 1152 0 1048 0 320 349
9200 1204 0 1096 0 320 349
9600 1250 0 1150 0 320 349
10000 1310 0 1190 0 320 349
10400 1361 0 1239 0 320 349
10800 1416 0 1284 0 320 349
11200 1462 0 1338 0 320 349
11600 1519 0 1381 0 320 349
12000 1568 0 1432 0 320 349
12400 1607 0 1493 0 320 349
12800 1657 0 1543 0 320 349
13200 1710 0 1590 0 320 349
13600 1753 0 1647 0 320 349
14000 1810 0 1690 0 320 349
14400 1861 0 1739 0 320 349
14800 1916 0 1784 0 320 349
15200 1965 0 1835 0 320 349
15600 2016 0 1884 0 320 349
16000 2068 0 1932 0 320 349
16400 2122 0 1978 0 320 349
16800 2161 0 2039 0 320 349
17200 2218 0 2082 0 320 349
17600 2280 0 2120 0 320 349
18000 2328 0 2172 0 320 349
18400 2377 0 2223 0 320 349
18800 2423 0 2277 0 320 349
19200 2467 0 2333 0 320 349
19600 2509 0 2391 0 320 349
20000 2555 0 2445 0 320 349
20400 2607 0 2493 0 320 349
20800 2662 0 2538 0 320 349
21200 2711 0 2589 0 320 349
21600 2767 0 2633 0 320 349
22000 2810 0 2690 0 320 349
22400 2861 0 2739 0 320 349
22800 2909 0 2791 0 320 349
23200 2956 0 2844 0 320 349
23600 3013 0 2887 0 320 348
24000 3070 0 2930 0 320 348
24400 3126 0 2974 0 320 348
24800 3170 0 3030 0 320 348
25200 3219 0 3081 0 320 348
25600 3271 0 3129 0 320 348
26000 3319 0 3181 0 320 348
26400 3376 0 3224 0 320 348
26800 3424 0 3276 0 320 348
27200 3469 0 3331 0 320 348
27600 3521 0 3379 0 320 348
28000 3570 0 3430 0 320 348
28400 3621 0 3479 0 320 348
28800 3672 0 3528 0 320 348
29200 3721 0 3579 0 320 348
29600 3776 0 3624 0 320 348
30000 3824 0 3676 0 320 348
30400 3878 0 3722 0 320 348
30800 3926 0 3774 0 320 348
31200 3978 0 3822 0 320 348
31600 4026 0 3874 0 320 348
32000 4082 0 3918 0 320 348
32400 4131 0 3969 0 320 348
32800 4178 0 4022 0 320 348
33200 4221 0 4079 0 320 348
33600 4272 0 4128 0 320 348
34000 4327 0 4173 0 320 348
34400 4369 0 4231 0 320 348
34800 4418 0 4282 0 320 348
35200 4465 0 4335 0 320 348
35600 4516 0 4384 0 320 348
36000 4566 0 4434 0 320 348
36400 4619 0 4481 0 320 348
36800 4670 0 4530 0 320 348
37200 4715 0 4585 0 320 348
37600 4767 0 4633 0 320 348
38000 4827 0 4673 0 320 348
38400 4878 0 4722 0 320 348
38800 4927 0 4773 0 320 348
39200 4980 0 4820 0 320 348
39600 5023 0 4877 0 320 348
40000 5072 0 4928 0 320 348
40400 5131 0 4969 0 320 348
40800 5185 0 5015 0 320 348
41200 5239 0 5061 0 320 348
41600 5283 0 5117 0 320 348
42000 5321 0 5179 0 320 348
42400 5369 0 5231 0 320 348
42800 5414 0 5286 0 320 348
43200 5469 0 5331 0 320 348
43600 5518 0 5382 0 320 348
44000 5572 0 5428 0 320 348
44400 5616 0 5484 0 320 348
44800 5666 0 5534 0 320 348
45200 5714 0 5586 0 320 348
45600 5769 0 5631 0 320 348
46000 5820 0 5680 0 320 348
46400 5865 0 5735 0 320 348
46800 5907 0 5793 0 320 348
47200 5958 0 5842 0 320 348
47600 6016 0 5884 0 320 348
48000 6064 0 5936 0 320 348
48400 6115 0 5985 0 320 348
48800 6163 0 6037 0 320 348
49200 6214 0 6086 0 320 348
49600 6262 0 6138 0 320 348
50000 6316 0 6184 0 320 348
50400 6365 0 6235 0 320 348
50800 6414 0 6286 0 320 348
51200 6471 0 6329 0 320 347
51600 6518 0 6382 0 320 347
52000 6573 0 6427 0 320 347
52400 6624 0 6476 0 320 347
52800 6672 0 6528 0 320 347
53200 6720 0 6580 0 320 347
53600 6768 0 6632 0 320 347
54000 6821 0 6679 0 320 347
54400 6868 0 6732 0 320 347
54800 6917 0 6783 0 320 347
55200 6961 0 6839 0 320 347
55600 7013 0 6887 0 320 347
56000 7065 0 6935 0 320 347
56400 7119 0 6981 0 320 347
56800 7162 0 7038 0 320 347
57200 7204 0 7096 0 320 347
57600 7251 0 7149 0 320 347
58000 7311 0 7189 0 320 347
58400 7363 0 7237 0 320 347
58800 7415 0 7285 0 320 347
59200 7468 0 7332 0 320 347
59600 7517 0 7383 0 320 347
60000 7566 0 7434 0 320 347
60400 7620 0 7480 0 320 347
60800 7667 0 7533 0 320 347
61200 7723 0 7577 0 320 347
61600 7777 0 7623 0 320 347
62000 7823 0 7677 0 320 347
62400 7873 0 7727 0 320 347
62800 7922 0 7778 0 320 347
63200 7970 0 7830 0 320 347
63600 8023 0 7877 0 320 347
64000 8067 0 7933 0 320 346
64400 8106 0 7994 0 320 346
64800 8154 0 8046 0 320 346
65200 8201 0 8099 0 320 346
65600 8258 0 8142 0 320 346
66000 8313 0 8187 0 320 346
66400 8363 0 8237 0 320 346
66800 8411 0 8289 0 320 346
67200 8458 0 8342 0 320 346
67600 8515 0 8385 0 320 346
68000 8559 0 8441 0 320 346
68400 8612 0 8488 0 320 346
68800 8664 0 8536 0 320 346
69200 8718 0 8582 0 320 346
69600 8767 0 8633 0 320 346
70000 8822 0 8678 0 320 346
70400 8867 0 8733 0 320 346
70800 8920 0 8780 0 320 346
71200 8978 0 8822 0 320 346
71600 9031 0 8869 0 320 346
72000 9083 0 8917 0 320 346
72400 9118 0 8982 0 320 346
72800 9170 0 9030 0 320 346
73200 9224 0 9076 0 320 346
73600 9274 0 9126 0 320 346
74000 9319 0 9181 0 320 346
74400 9362 0 9238 0 320 346
74800 9413 0 9287 0 320 346
75200 9465 0 9335 0 320 346
75600 9510 0 9390 0 320 346
76000 9561 0 9439 0 320 346
76400 9603 0 9497 0 320 346
76800 9647 0 9553 0 320 346
77200 9691 0 9609 0 320 346
77600 9736 0 9664 0 320 346
78000 9781 0 9719 0 320 346
78400 9829 0 9771 0 320 346
78800 9882 0 9818 0 320 346
79200 9929 0 9871 0 320 346
79600 9977 0 9923 0 320 346
80000 10032 0 9968 0 320 346
80400 10081 0 10019 0 320 346
80800 10134 0 10066 0 320 346
81200 10188 0 10112 0 320 346
81600 10241 0 10159 0 320 346
82000 10286 0 10214 0 320 346
82400 10331 0 10269 0 320 346
82800 10375 0 10325 0 320 346
83200 10420 0 10380 0 320 346
83600 10473 0 10427 0 320 346
84000 10519 0 10481 0 320 346
84400 10570 0 10530 0 320 346
84800 10626 0 10574 0 320 346
85200 10678 0 10622 0 320 346
85600 10734 0 10666 0 320 346
86000 10778 0 10722 0 320 346
86400 10832 0 10768 0 320 346
86800 10880 0 10820 0 320 346
87200 10926 0 10874 0 320 346
87600 10973 0 10927 0 320 346
88000 11022 0 10978 0 320 346
88400 11070 0 11030 0 320 346
88800 11117 0 11083 0 320 346
89200 11169 0 11131 0 320 346
89600 11222 0 11178 0 320 346
90000 11275 0 11225 0 320 346
90400 11324 0 11276 0 320 346
90800 11374 0 11326 0 320 346
91200 11429 0 11371 0 320 346
91600 11483 0 11417 0 320 346
92000 11537 0 11463 0 320 346
92400 11588 0 11512 0 320 346
92800 11645 0 11555 0 320 346
93200 11696 0 11604 0 320 346
93600 11746 0 11654 0 320 346
94000 11791 0 11709 0 320 346
94400 11840 0 11760 0 320 346
94800 11886 0 11814 0 320 346
95200 11938 0 11862 0 320 345
95600 11985 0 11915 0 320 345
96000 12032 0 11968 0 320 345
96400 12087 0 12013 0 320 345
96800 12134 0 12066 0 320 345
97200 12180 0 12120 0 320 345
97600 12234 0 12166 0 320 345
98000 12283 0 12217 0 320 345
98400 12330 0 12270 0 320 345
98800 12386 0 12314 0 320 345
99200 12444 0 12356 0 320 345
99600 12505 0 12395 0 320 345
100000 12553 0 12447 0 320 345
100400 12602 0 12498 0 320 345
100800 12652 0 12548 0 320 345
101200 12696 0 12604 0 320 345
101600 12744 0 12656 0 320 345
102000 12803 0 12697 0 320 345
102400 12855 0 12745 0 320 345
102800 12908 0 12792 0 320 345
103200 12953 0 12847 0 320 345
103600 13001 0 12899 0 320 345
104000 13052 0 12948 0 320 345
104400 13103 0 12997 0 320 345
104800 13153 0 13047 0 320 345
105200 13206 0 13094 0 320 345
105600 13266 0 13134 0 320 345
106000 13313 0 13187 0 320 345
106400 13361 0 13239 0 320 345
106800 13410 0 13290 0 320 345
107200 13453 0 13347 0 320 345
107600 13498 0 13402 0 320 345
108000 13553 0 13447 0 320 345
108400 13609 0 13491 0 320 345
108800 13658 0 13542 0 320 345
109200 13709 0 13591 0 320 345
109600 13755 0 13645 0 320 345
110000 13803 0 13697 0 320 345
110400 13854 0 13746 0 320 345
110800 13900 0 13800 0 320 345
111200 13949 0 13851 0 320 345
111600 14008 0 13892 0 320 345
112000 14067 0 13933 0 320 345
112400 14127 0 13973 0 320 345
112800 14187 0 14013 0 320 345
113200 14239 0 14061 0 320 345
113600 14294 0 14106 0 320 345
114000 14341 0 14159 0 320 345
114400 14394 0 14206 0 320 345
114800 14443 0 14257 0 320 345
115200 14486 0 14314 0 320 345
115600 14539 0 14361 0 320 345
116000 14591 0 14409 0 320 345
116400 14646 0 14454 0 320 345
116800 14704 0 14496 0 320 345
117200 14753 0 14547 0 320 345
117600 14805 0 14595 0 320 345
118000 14853 0 14647 0 320 345
118400 14913 0 14687 0 320 345
118800 14961 0 14739 0 320 345
119200 15007 0 14793 0 320 345
119600 15057 0 14843 0 320 345
120000 15101 0 14899 0 320 345
120400 15147 0 14953 0 320 345
120800 15197 0 15003 0 320 345
121200 15248 0 15052 0 320 345
121600 15302 0 15098 0 320 345
122000 15353 0 15147 0 320 345
122400 15401 0 15199 0 320 345
122800 15445 0 15255 0 320 345
123200 15489 0 15311 0 320 345
123600 15540 0 15360 0 320 345
124000 15591 0 15409 0 320 345
124400 15637 0 15463 0 320 345
124800 15681 0 15519 0 320 345
125200 15738 0 15562 0 320 345
125600 15795 0 15605 0 320 345
126000 15846 0 15654 0 320 345
126400 15900 0 15700 0 320 345
126800 15945 0 15755 0 320 345
127200 16000 0 15800 0 320 345
127600 16049 0 15851 0 320 345
128000 16096 0 15904 0 320 345
128400 16145 0 15955 0 320 345
128800 16195 0 16005 0 320 345
129200 16238 0 16062 0 320 345
129600 16284 0 16116 0 320 345
130000 16340 0 16160 0 320 345
130400 16396 0 16204 0 320 345
130800 16452 0 16248 0 320 345
131200 16498 0 16302 0 320 345
131600 16552 0 16348 0 320 345
132000 16601 0 16399 0 320 345
132400 16655 0 16445 0 320 345
132800 16712 0 16488 0 320 345
133200 16768 0 16532 0 320 345
133600 16820 0 16580 0 320 345
134000 16864 0 16636 0 320 345
134400 16913 0 16687 0 320 345
134800 16956 0 16744 0 320 345
135200 17008 0 16792 0 320 345
135600 17057 0 16843 0 320 345
136000 17104 0 16896 0 320 345
136400 17147 0 16953 0 320 345
136800 17192 0 17008 0 320 345
137200 17238 0 17062 0 320 345
137600 17290 0 17110 0 320 345
138000 17335 0 17165 0 320 345
138400 17388 0 17212 0 320 344
138800 17435 0 17265 0 320 344
139200 17489 0 17311 0 320 344
139600 17536 0 17364 0 320 344
140000 17583 0 17417 0 320 344
140400 17637 0 17463 0 320 344
140800 17685 0 17515 0 320 344
141200 17726 0 17574 0 320 344
141600 17779 0 17621 0 320 344
142000 17836 0 17664 0 320 344
142400 17898 0 17702 0 320 344
142800 17947 0 17753 0 320 344
143200 17989 0 17811 0 320 344
143600 18038 0 17862 0 320 344
144000 18086 0 17914 0 320 344
144400 18134 0 17966 0 320 344
144800 18185 0 18015 0 320 344
145200 18242 0 18058 0 320 344
145600 18294 0 18106 0 320 344
146000 18348 0 18152 0 320 344
146400 18395 0 18205 0 320 344
146800 18446 0 18254 0 320 344
147200 18492 0 18308 0 320 344
147600 18549 0 18351 0 320 344
148000 18601 0 18399 0 320 344
148400 18643 0 18457 0 320 344
148800 18695 0 18505 0 320 344
149200 18737 0 18563 0 320 344
149600 18782 0 18618 0 320 344
150000 18836 0 18664 0 320 344
150400 18878 0 18722 0 320 344
150800 18926 0 18774 0 320 344
151200 18979 0 18821 0 320 344
151600 19030 0 18870 0 320 344
152000 19078 0 18922 0 320 344
152400 19129 0 18971 0 320 344
152800 19177 0 19023 0 320 344
153200 19219 0 19081 0 320 344
153600 19266 0 19134 0 320 344
154000 19312 0 19188 0 320 344
154400 19363 0 19237 0 320 344
154800 19428 0 19272 0 320 344
155200 19468 0 19332 0 320 344
155600 19525 0 19375 0 320 344
156000 19567 0 19433 0 320 344
156400 19622 0 19478 0 320 344
156800 19673 0 19527 0 320 344
157200 19724 0 19576 0 320 344
157600 19783 0 19617 0 320 344
158000 19832 0 19668 0 320 344
158400 19885 0 19715 0 320 344
158800 19938 0 19762 0 320 344
159200 19991 0 19809 0 320 344
159600 20034 0 19866 0 320 344
160000 20092 0 19908 0 320 344
160400 20149 0 19951 0 320 344
160800 20188 0 20012 0 320 344
161200 20237 0 20063 0 320 344
161600 20288 0 20112 0 320 344
162000 20335 0 20165 0 320 344
162400 20386 0 20214 0 320 344
162800 20439 0 20261 0 320 344
163200 20498 0 20302 0 320 344
163600 20544 0 20356 0 320 344
164000 20597 0 20403 0 320 344
164400 20654 0 20446 0 320 344
164800 20701 0 20499 0 320 344
165200 20747 0 20553 0 320 344
165600 20797 0 20603 0 320 344
166000 20845 0 20655 0 320 344
166400 20893 0 20707 0 320 344
166800 20938 0 20762 0 320 344
167200 20988 0 20812 0 320 343
167600 21037 0 20863 0 320 343
168000 21081 0 20919 0 320 343
168400 21129 0 20971 0 320 343
168800 21182 0 21018 0 320 343
169200 21228 0 21072 0 320 343
169600 21279 0 21121 0 320 343
170000 21337 0 21163 0 320 343
170400 21389 0 21211 0 320 343
170800 21440 0 21260 0 320 343
171200 21484 0 21316 0 320 343
171600 21535 0 21365 0 320 343
172000 21591 0 21409 0 320 343
172400 21642 0 21458 0 320 343
172800 21695 0 21505 0 320 343
173200 21750 0 21550 0 320 343
173600 21798 0 21602 0 320 343
174000 21850 0 21650 0 320 343
174400 21904 0 21696 0 320 343
174800 21953 0 21747 0 320 343
175200 22014 0 21786 0 320 343
175600 22072 0 21828 0 320 343
176000 22120 0 21880 0 320 343
176400 22171 0 21929 0 320 343
176800 22229 0 21971 0 320 343
177200 22270 0 22030 0 320 343
177600 22323 0 22077 0 320 343
178000 22381 0 22119 0 320 343
178400 22438 0 22162 0 320 343
178800 22489 0 22211 0 320 343
179200 22544 0 22256 0 320 343
179600 22604 0 22296 0 320 343
180000 22664 0 22336 0 320 343
180400 22700 0 22400 0 320 343
180800 22755 0 22445 0 320 343
181200 22802 0 22498 0 320 343
181600 22855 0 22545 0 320 343
182000 22904 0 22596 0 320 343
182400 22961 0 22639 0 320 343
182800 23016 0 22684 0 320 343
183200 23068 0 22732 0 320 343
183600 23128 0 22772 0 320 343
184000 23178 0 22822 0 320 343
184400 23234 0 22866 0 320 343
184800 23290 0 22910 0 320 343
185200 23342 0 22958 0 320 343
185600 23397 0 23003 0 320 343
186000 23446 0 23054 0 320 343
186400 23494 0 23106 0 320 343
186800 23546 0 23154 0 320 343
187200 23601 0 23199 0 320 343
187600 23643 0 23257 0 320 343
188000 23689 0 23311 0 320 343
188400 23741 0 23359 0 320 343
188800 23794 0 23406 0 320 343
189200 23843 0 23457 0 320 343
189600 23890 0 23510 0 320 343
190000 23938 0 23562 0 320 343
190400 23987 0 23613 0 320 343
190800 24035 0 23665 0 320 343
191200 24085 0 23715 0 320 343
191600 24129 0 23771 0 320 343
192000 24183 0 23817 0 320 343
192400 24230 0 23870 0 320 343
192800 24274 0 23926 0 320 343
193200 24329 0 23971 0 320 343
193600 24373 0 24027 0 320 343
194000 24422 0 24078 0 320 343
194400 24476 0 24124 0 320 343
194800 24520 0 24180 0 320 343
195200 24571 0 24229 0 320 343
195600 24624 0 24276 0 320 343
196000 24675 0 24325 0 320 343
196400 24725 0 24375 0 320 343
196800 24781 0 24419 0 320 343
197200 24829 0 24471 0 320 343
197600 24876 0 24524 0 320 343
198000 24926 0 24574 0 320 343
198400 24979 0 24621 0 320 343
198800 25024 0 24676 0 320 343
199200 25071 0 24729 0 320 343
199600 25122 0 24778 0 320 343
200000 25171 0 24829 0 320 343
200400 25222 0 24878 0 320 343
200800 25271 0 24929 0 320 343
201200 25325 0 24975 0 320 343
201600 25379 0 25021 0 320 343
202000 25424 0 25076 0 320 343
202400 25473 0 25127 0 320 343
202800 25521 0 25179 0 320 343
203200 25580 0 25220 0 320 343
203600 25625 0 25275 0 320 343
204000 25672 0 25328 0 320 343
204400 25725 0 25375 0 320 343
204800 25773 0 25427 0 320 343
205200 25828 0 25472 0 320 343
205600 25872 0 25528 0 320 343
206000 25918 0 25582 0 320 343
206400 25979 0 25621 0 320 342
206800 26039 0 25661 0 320 342
207200 26085 0 25715 0 320 342
207600 26138 0 25762 0 320 342
208000 26185 0 25815 0 320 342
208400 26236 0 25864 0 320 342
208800 26287 0 25913 0 320 342
209200 26338 0 25962 0 320 342
209600 26396 0 26004 0 320 342
210000 26453 0 26047 0 320 342
210400 26502 0 26098 0 320 342
210800 26552 0 26148 0 320 342
211200 26598 0 26202 0 320 342
211600 26649 0 26251 0 320 342
212000 26698 0 26302 0 320 342
212400 26737 0 26363 0 320 342
212800 26787 0 26413 0 320 342
213200 26836 0 26464 0 320 342
213600 26894 0 26506 0 320 342
214000 26948 0 26552 0 320 342
214400 27008 0 26592 0 320 342
214800 27056 0 26644 0 320 342
215200 27098 0 26702 0 320 342
215600 27150 0 26750 0 320 342
216000 27198 0 26802 0 320 342
216400 27245 0 26855 0 320 342
216800 27302 0 26898 0 320 342
217200 27343 0 26957 0 320 342
217600 27396 0 27004 0 320 342
218000 27455 0 27045 0 320 342
218400 27506 0 27094 0 320 342
218800 27562 0 27138 0 320 342
219200 27617 0 27183 0 320 342
219600 27662 0 27238 0 320 342
220000 27713 0 27287 0 320 342
220400 27762 0 27338 0 320 342
220800 27806 0 27394 0 320 342
221200 27848 0 27452 0 320 342
221600 27899 0 27501 0 320 342
222000 27946 0 27554 0 320 342
222400 27991 0 27609 0 320 342
222800 28044 0 27656 0 320 342
223200 28094 0 27706 0 320 342
223600 28146 0 27754 0 320 342
224000 28197 0 27803 0 320 342
224400 28241 0 27859 0 320 342
224800 28289 0 27911 0 320 342
225200 28344 0 27956 0 320 342
225600 28401 0 27999 0 320 342
226000 28448 0 28052 0 320 342
226400 28496 0 28104 0 320 342
226800 28548 0 28152 0 320 342
227200 28606 0 28194 0 320 342
227600 28650 0 28250 0 320 342
228000 28702 0 28298 0 320 342
228400 28754 0 28346 0 320 342
228800 28800 0 28400 0 320 342
229200 28847 0 28453 0 320 342
229600 28905 0 28495 0 320 342
230000 28950 0 28550 0 320 342
230400 28995 0 28605 0 320 342
230800 29044 0 28656 0 320 342
231200 29093 0 28707 0 320 342
231600 29137 0 28763 0 320 342
232000 29183 0 28817 0 320 342
232400 29236 0 28864 0 320 341
232800 29283 0 28917 0 320 341
233200 29333 0 28967 0 320 341
233600 29379 0 29021 0 320 341
234000 29434 0 29066 0 320 341
234400 29475 0 29125 0 320 341
234800 29517 0 29183 0 320 341
235200 29567 0 29233 0 320 341
235600 29603 0 29297 0 320 341
236000 29647 0 29353 0 320 341
236400 29691 0 29409 0 320 341
236800 29735 0 29465 0 320 341
237200 29785 0 29515 0 320 341
237600 29832 0 29568 0 320 341
238000 29894 0 29606 0 320 341
238400 29935 0 29665 0 320 341
238800 29986 0 29714 0 320 341
239200 30045 0 29755 0 320 341
239600 30091 0 29809 0 320 341
240000 30137 0 29863 0 320 341
240400 30184 0 29916 0 320 341
240800 30228 0 29972 0 320 341
241200 30280 0 30020 0 320 341
241600 30329 0 30071 0 320 341
242000 30375 0 30125 0 320 341
242400 30428 0 30172 0 320 341
242800 30485 0 30215 0 320 341
243200 30536 0 30264 0 320 340
243600 30582 0 30318 0 320 340
244000 30631 0 30369 0 320 340
244400 30688 0 30412 0 320 340
244800 30741 0 30459 0 320 340
245200 30791 0 30509 0 320 340
245600 30838 0 30562 0 320 340
246000 30887 0 30613 0 320 340
246400 30937 0 30663 0 320 340
246800 30986 0 30714 0 320 340
247200 31029 0 30771 0 320 340
247600 31081 0 30819 0 320 340
248000 31135 0 30865 0 320 340
248400 31182 0 30918 0 320 340
248800 31230 0 30970 0 320 340
249200 31278 0 31022 0 320 340
249600 31322 0 31078 0 320 340
250000 31372 0 31128 0 320 340
250400 31428 0 31172 0 320 340
250800 31473 0 31227 0 320 340
251200 31527 0 31273 0 320 340
251600 31576 0 31324 0 320 340
252000 31636 0 31364 0 320 340
252400 31682 0 31418 0 320 340
252800 31721 0 31479 0 320 340
253200 31757 0 31543 0 320 340
253600 31805 0 31595 0 320 340
254000 31862 0 31638 0 320 340
254400 31916 0 31684 0 320 340
254800 31968 0 31732 0 320 340
255200 32020 0 31780 0 320 340
255600 32072 0 31828 0 320 340
256000 32119 0 31881 0 320 340
256400 32164 0 31936 0 320 340
256800 32217 0 31983 0 320 340
257200 32265 0 32035 0 320 340
257600 32313 0 32087 0 320 340
258000 32372 0 32128 0 320 340
258400 32424 0 32176 0 320 340
258800 32471 0 32229 0 320 340
259200 32517 0 32283 0 320 340
259600 32574 0 32326 0 320 340
260000 32624 0 32376 0 320 340
260400 32673 0 32427 1 319 339
260800 32725 0 32475 1 319 339
261200 32770 0 32530 1 319 339
261600 32829 0 32571 1 319 339
262000 32874 0 32626 1 319 339
262400 32926 0 32674 1 319 339
262800 32982 0 32718 1 319 339
263200 33039 0 32761 1 319 339
263600 33091 0 32809 1 319 339
264000 33140 0 32860 1 319 339
264400 33185 0 32915 1 319 339
264800 33240 0 32960 1 319 339
265200 33292 0 33008 1 319 339
265600 33335 0 33065 1 319 339
266000 33382 0 33118 1 319 339
266400 33428 0 33172 1 319 339
266800 33481 0 33219 1 319 339
267200 33537 0 33263 1 319 339
267600 33594 0 33306 1 319 339
268000 33638 0 33362 1 319 339
268400 33698 0 33402 1 319 339
268800 33744 0 33456 1 319 339
269200 33788 0 33512 1 319 339
269600 33835 0 33565 1 319 339
270000 33883 0 33617 1 319 339
270400 33935 0 33665 1 319 339
270800 33984 0 33716 1 319 339
271200 34038 0 33762 1 319 339
271600 34091 0 33809 1 319 339
272000 34133 0 33867 1 319 339
272400 34187 0 33913 1 319 339
272800 34236 0 33964 1 319 339
273200 34284 0 34016 1 319 339
273600 34341 0 34059 1 319 339
274000 34400 0 34100 1 319 339
274400 34455 0 34145 1 319 339
274800 34504 0 34196 1 319 339
275200 34548 0 34252 1 319 339
275600 34601 0 34299 1 319 339
276000 34649 0 34351 1 319 339
276400 34700 0 34400 1 319 339
276800 34750 0 34450 1 319 339
277200 34798 0 34502 1 319 339
277600 34852 0 34548 1 319 339
278000 34905 0 34595 1 319 339
278400 34953 0 34647 1 319 339
278800 34999 0 34701 1 319 339
279200 35060 0 34740 1 319 339
279600 35108 0 34792 1 319 339
280000 35158 0 34842 1 319 339
280400 35204 0 34896 1 319 339
280800 35252 0 34948 1 319 339
281200 35296 0 35004 1 319 339
281600 35343 0 35057 1 319 339
282000 35392 0 35108 1 319 339
282400 35447 0 35153 1 319 339
282800 35506 0 35194 1 319 339
283200 35557 0 35243 1 319 339
283600 35599 0 35301 1 319 339
284000 35654 0 35346 1 319 339
284400 35699 0 35401 1 319 339
284800 35748 0 35452 1 319 339
285200 35799 0 35501 1 319 339
285600 35848 0 35552 1 319 339
286000 35899 0 35601 1 319 339
286400 35959 0 35641 1 319 339
286800 36006 0 35694 1 319 339
287200 36063 0 35737 1 319 339
287600 36113 0 35787 1 319 339
288000 36161 0 35839 1 319 339
288400 36210 0 35890 1 319 339
288800 36250 0 35950 1 319 339
289200 36308 0 35992 1 319 339
289600 36358 0 36042 1 319 339
290000 36411 0 36089 1 319 339
290400 36455 0 36145 1 319 339
290800 36499 0 36201 1 319 339
291200 36550 0 36250 1 319 339
291600 36606 0 36294 1 319 339
292000 36661 0 36339 1 319 339
292400 36710 0 36390 1 319 339
292800 36763 0 36437 1 319 339
293200 36816 0 36484 1 319 339
293600 36866 0 36534 1 319 339
294000 36921 0 36579 1 319 339
294400 36961 0 36639 1 319 339
294800 37009 0 36691 1 319 339
295200 37053 0 36747 1 319 339
295600 37111 0 36789 1 319 339
296000 37163 0 36837 1 319 339
296400 37216 0 36884 1 319 339
296800 37268 0 36932 1 319 339
297200 37321 0 36979 1 319 339
297600 37374 0 37026 1 319 339
298000 37421 0 37079 1 319 339
298400 37476 0 37124 1 319 339
298800 37529 0 37171 1 319 339
299200 37580 0 37220 1 319 339
299600 37631 0 37269 1 319 339
300000 37678 0 37322 1 319 339
300400 37727 0 37373 1 319 339
300800 37778 0 37422 1 319 339
301200 37825 0 37475 1 319 339
301600 37872 0 37528 1 319 339
302000 37924 0 37576 1 319 339
302400 37972 0 37628 1 319 339
302800 38030 0 37670 1 319 339
303200 38072 0 37728 1 319 339
303600 38126 0 37774 1 319 339
304000 38171 0 37829 1 319 339
304400 38216 0 37884 1 319 339
304800 38261 0 37939 1 319 339
305200 38311 0 37989 1 319 339
305600 38364 0 38036 1 319 339
306000 38411 0 38089 1 319 339
306400 38458 0 38142 1 319 339
306800 38502 0 38198 1 319 339
307200 38548 0 38252 1 319 339
307600 38594 0 38306 1 319 339
308000 38650 0 38350 1 319 339
308400 38708 0 38392 1 319 339
308800 38758 0 38442 1 319 339
309200 38810 0 38490 1 319 339
309600 38864 0 38536 1 319 339
310000 38920 0 38580 1 319 339
310400 38968 0 38632 1 319 339
310800 39013 0 38687 1 319 339
311200 39063 0 38737 1 319 339
311600 39116 0 38784 1 319 339
312000 39154 0 38846 1 319 339
312400 39204 0 38896 1 319 339
312800 39251 0 38949 1 319 339
313200 39303 0 38997 1 319 339
313600 39352 0 39048 1 319 339
314000 39399 0 39101 1 319 339
314400 39441 0 39159 1 319 339
314800 39489 0 39211 1 319 338
315200 39541 0 39259 1 319 338
315600 39592 0 39308 1 319 337
316000 39646 0 39354 1 319 337
316400 39702 0 39398 1 319 337
316800 39745 0 39455 1 319 337
317200 39791 0 39509 1 319 337
317600 39841 0 39559 1 319 337
318000 39886 0 39614 1 319 338
318400 39950 0 39650 1 319 338
318800 39996 0 39704 1 319 338
319200 40049 0 39751 1 319 338
319600 40099 0 39801 1 319 338
320000 40142 0 39858 1 319 338
320400 40189 0 39911 1 319 338
320800 40231 0 39969 1 319 338
321200 40277 0 40023 1 319 338
321600 40331 0 40069 1 319 338
322000 40375 0 40125 1 319 338
322400 40423 0 40177 1 319 338
322800 40468 0 40232 1 319 338
323200 40520 0 40280 1 319 338
323600 40567 0 40333 1 319 338
324000 40625 0 40375 1 319 338
324400 40673 0 40427 1 319 338
324800 40712 0 40488 1 319 338
325200 40763 0 40537 1 319 338
325600 40815 0 40585 1 319 338
326000 40864 0 40636 1 319 338
326400 40907 0 40693 1 319 338
326800 40955 0 40745 1 319 338
327200 41006 0 40794 1 319 338
327600 41048 0 40852 1 319 338
328000 41097 0 40903 1 319 338
328400 41153 0 40947 1 319 338
328800 41192 0 41008 1 319 338
329200 41246 0 41054 1 319 338
329600 41297 0 41103 1 319 338
330000 41346 0 41154 1 319 338
330400 41409 0 41191 1 319 338
330800 41453 0 41247 1 319 338
331200 41505 0 41295 1 319 338
331600 41551 0 41349 1 319 338
332000 41600 0 41400 1 319 338
332400 41653 0 41447 1 319 338
332800 41708 0 41492 1 319 338
333200 41771 0 41529 1 319 338
333600 41835 0 41565 1 319 338
334000 41883 0 41617 1 319 338
334400 41948 0 41652 1 319 338
334800 41995 0 41705 1 319 338
335200 42045 0 41755 1 319 338
335600 42095 0 41805 1 319 338
336000 42147 0 41853 1 319 338
336400 42197 0 41903 1 319 338
336800 42248 0 41952 1 319 338
337200 42299 0 42001 1 319 338
337600 42354 0 42046 1 319 338
338000 42409 0 42091 1 319 338
338400 42462 0 42138 1 319 338
338800 42514 0 42186 1 319 338
339200 42561 0 42239 1 319 338
339600 42615 0 42285 1 319 338
340000 42665 0 42335 1 319 338
340400 42711 0 42389 1 319 338
340800 42766 0 42434 1 319 338
341200 42824 0 42476 1 319 338
341600 42869 0 42531 1 319 338
342000 42919 0 42581 1 319 338
342400 42966 0 42634 1 319 338
342800 43021 0 42679 1 319 338
343200 43077 0 42723 1 319 338
343600 43126 0 42774 1 319 338
344000 43168 0 42832 1 319 338
344400 43220 0 42880 1 319 338
344800 43278 0 42922 1 319 338
345200 43325 0 42975 1 319 338
345600 43373 0 43027 1 319 338
346000 43428 0 43072 1 319 338
346400 43468 0 43132 1 319 338
346800 43510 0 43190 1 319 338
347200 43566 0 43234 1 319 338
347600 43613 0 43287 1 319 338
348000 43670 0 43330 1 319 338
348400 43727 0 43373 1 319 338
348800 43781 0 43419 1 319 338
349200 43828 0 43472 1 319 338
349600 43869 0 43531 1 319 338
350000 43927 0 43573 1 319 338
350400 43981 0 43619 1 319 338
350800 44037 0 43663 1 319 338
351200 44092 0 43708 1 319 338
351600 44148 0 43752 1 319 338
352000 44199 0 43801 1 319 338
352400 44248 0 43852 1 319 338
352800 44302 0 43898 1 319 338
353200 44356 0 43944 1 319 337
353600 44405 0 43995 1 319 337
354000 44451 0 44049 1 319 337
354400 44495 0 44105 1 319 337
354800 44546 0 44154 1 319 337
355200 44592 0 44208 1 319 337
355600 44646 0 44254 1 319 337
356000 44697 0 44303 1 319 337
356400 44753 0 44347 1 319 337
356800 44803 0 44397 1 319 337
357200 44860 0 44440 1 319 337
357600 44911 0 44489 1 319 337
358000 44966 0 44534 1 319 337
358400 45003 0 44597 1 319 337
358800 45047 0 44653 1 319 337
359200 45089 0 44711 1 319 337
359600 45142 0 44758 1 319 337
360000 45189 0 44811 1 319 337
360400 45237 0 44863 1 319 337
360800 45291 0 44909 1 319 337
361200 45336 0 44964 1 319 337
361600 45395 0 45005 1 319 337
362000 45451 0 45049 1 319 337
362400 45499 0 45101 1 319 337
362800 45548 0 45152 1 319 337
363200 45591 0 45209 1 319 337
363600 45644 0 45256 1 319 337
364000 45699 0 45301 1 319 337
364400 45754 0 45346 1 319 337
364800 45805 0 45395 1 319 337
365200 45849 0 45451 1 319 337
365600 45901 0 45499 1 319 337
366000 45957 0 45543 1 319 337
366400 46011 0 45589 1 319 337
366800 46065 0 45635 1 319 337
367200 46111 0 45689 1 319 337
367600 46158 0 45742 1 319 337
368000 46215 0 45785 1 319 336
368400 46256 0 45844 1 319 336
368800 46310 0 45890 1 319 336
369200 46373 0 45927 1 319 336
369600 46417 0 45983 1 319 336
370000 46458 0 46042 1 319 336
370400 46507 0 46093 1 319 336
370800 46558 0 46142 1 319 336
371200 46611 0 46189 1 319 336
371600 46663 0 46237 1 319 336
372000 46711 0 46289 1 319 336
372400 46758 0 46342 1 319 336
372800 46804 0 46396 1 319 336
373200 46854 0 46446 1 319 336
373600 46912 0 46488 1 319 336
374000 46966 0 46534 1 319 336
374400 47015 0 46585 1 319 336
374800 47068 0 46632 1 319 336
375200 47107 0 46693 1 319 336
375600 47154 0 46746 1 319 336
376000 47205 0 46795 1 319 336
376400 47251 0 46849 1 319 336
376800 47300 0 46900 1 319 336
377200 47351 0 46949 1 319 336
377600 47407 0 46993 1 319 336
378000 47451 0 47049 2 318 335
378400 47499 0 47101 2 318 335
378800 47551 0 47149 2 318 335
379200 47603 0 47197 2 318 335
379600 47652 0 47248 2 318 335
380000 47704 0 47296 2 318 335
380400 47756 0 47344 2 318 335
380800 47803 0 47397 2 318 335
381200 47851 0 47449 2 318 335
381600 47901 0 47499 2 318 335
382000 47959 0 47541 2 318 335
382400 47998 0 47602 2 318 335
382800 48047 0 47653 2 318 335
383200 48093 0 47707 2 318 335
383600 48136 0 47764 2 318 335
384000 48188 0 47812 2 318 335
384400 48235 0 47865 2 318 335
384800 48284 0 47916 2 318 335
385200 48333 0 47967 2 318 335
385600 48385 0 48015 2 318 335
386000 48439 0 48061 2 318 335
386400 48478 0 48122 2 318 335
386800 48525 0 48175 2 318 335
387200 48575 0 48225 2 318 335
387600 48630 0 48270 2 318 335
388000 48677 0 48323 2 318 335
388400 48720 0 48380 2 318 335
388800 48759 0 48441 2 318 335
389200 48809 0 48491 2 318 335
389600 48863 0 48537 2 318 335
390000 48913 0 48587 2 318 335
390400 48972 0 48628 2 318 335
390800 49029 0 48671 2 318 335
391200 49075 0 48725 2 318 335
391600 49122 0 48778 2 318 335
392000 49171 0 48829 2 318 335
392400 49228 0 48872 2 318 335
392800 49274 0 48926 2 318 335
393200 49322 0 48978 2 318 335
393600 49369 0 49031 2 318 335
394000 49412 0 49088 2 318 335
394400 49459 0 49141 2 318 335
394800 49513 0 49187 2 318 335
395200 49572 0 49228 2 318 335
395600 49618 0 49282 2 318 335
396000 49671 0 49329 2 318 335
396400 49720 0 49380 2 318 335
396800 49767 0 49433 2 318 335
397200 49818 0 49482 2 318 335
397600 49869 0 49531 2 318 335
398000 49921 0 49579 2 318 335
398400 49972 0 49628 2 318 335
398800 50024 0 49676 2 318 335
399200 50080 0 49720 2 318 335
399600 50134 0 49766 2 318 335
400000 50178 0 49822 2 318 335
400400 50239 0 49861 2 318 335
400800 50291 0 49909 2 318 335
401200 50341 0 49959 2 318 335
401600 50386 0 50014 2 318 335
402000 50436 0 50064 2 318 335
402400 50484 0 50116 2 318 335
402800 50536 0 50164 2 318 335
403200 50591 0 50209 2 318 335
403600 50642 0 50258 2 318 335
404000 50676 0 50324 2 318 335
404400 50728 0 50372 2 318 335
404800 50773 0 50427 2 318 335
405200 50817 0 50483 2 318 335
405600 50867 0 50533 2 318 335
406000 50915 0 50585 2 318 335
406400 50969 0 50631 2 318 335
406800 51019 0 50681 2 318 335
407200 51070 0 50730 2 318 335
407600 51123 0 50777 2 318 335
408000 51174 0 50826 2 318 335
408400 51225 0 50875 2 318 335
408800 51279 0 50921 2 318 335
409200 51330 0 50970 2 318 335
409600 51382 0 51018 2 318 335
410000 51434 0 51066 2 318 335
410400 51482 0 51118 2 318 335
410800 51535 0 51165 2 318 335
411200 51575 0 51225 2 318 335
411600 51627 0 51273 2 318 335
412000 51682 0 51318 2 318 335
412400 51738 0 51362 2 318 335
412800 51782 0 51418 2 318 335
413200 51830 0 51470 2 318 335
413600 51884 0 51516 2 318 335
414000 51927 0 51573 2 318 335
414400 51979 0 51621 2 318 335
414800 52034 0 51666 2 318 335
415200 52081 0 51719 2 318 335
415600 52135 0 51765 2 318 335
416000 52182 0 51818 2 318 335
416400 52238 0 51862 2 318 335
416800 52289 0 51911 2 318 335
417200 52333 0 51967 2 318 335
417600 52383 0 52017 2 318 335
418000 52433 0 52067 2 318 335
418400 52483 0 52117 2 318 335
418800 52534 0 52166 2 318 335
419200 52581 0 52219 2 318 335
419600 52631 0 52269 2 318 335
420000 52681 0 52319 2 318 335
420400 52732 0 52368 2 318 335
420800 52780 0 52420 2 318 335
421200 52827 0 52473 2 318 335
421600 52875 0 52525 2 318 335
422000 52931 0 52569 2 318 335
422400 52978 0 52622 2 318 335
422800 53024 0 52676 2 318 335
423200 53073 0 52727 2 318 335
423600 53120 0 52780 2 318 335
424000 53165 0 52835 2 318 335
424400 53217 0 52883 2 318 335
424800 53258 0 52942 2 318 335
425200 53306 0 52994 2 318 335
425600 53348 0 53052 2 318 335
426000 53403 0 53097 2 318 335
426400 53456 0 53144 2 318 335
426800 53500 0 53200 2 318 335
427200 53551 0 53249 2 318 335
427600 53603 0 53297 2 318 335
428000 53655 0 53345 2 318 335
428400 53714 0 53386 2 318 335
428800 53763 0 53437 2 318 335
429200 53814 0 53486 2 318 335
429600 53866 0 53534 2 318 335
430000 53914 0 53586 2 318 335
430400 53959 0 53641 2 318 335
430800 54012 0 53688 2 318 335
431200 54058 0 53742 2 318 335
431600 54112 0 53788 2 318 335
432000 54166 0 53834 2 318 335
432400 54220 0 53880 2 318 335
432800 54269 0 53931 2 318 335
433200 54318 0 53982 2 318 335
433600 54373 0 54027 2 318 335
434000 54419 0 54081 2 318 335
434400 54462 0 54138 2 318 335
434800 54520 0 54180 2 318 335
435200 54571 0 54229 2 318 335
435600 54622 0 54278 2 318 335
436000 54665 0 54335 2 318 336
436400 54713 0 54387 2 318 336
436800 54762 0 54438 2 318 336
437200 54814 0 54486 2 318 336
437600 54866 0 54534 2 318 336
438000 54916 0 54584 2 318 336
438400 54967 0 54633 2 318 336
438800 55017 0 54683 2 318 336
439200 55068 0 54732 2 318 336
439600 55130 0 54770 2 318 336
440000 55183 0 54817 2 318 336
440400 55236 0 54864 2 318 336
440800 55293 0 54907 2 318 336
441200 55340 0 54960 2 318 336
441600 55392 0 55008 2 318 336
442000 55443 0 55057 2 318 336
442400 55498 0 55102 2 318 336
442800 55551 0 55149 2 318 336
443200 55600 0 55200 2 318 336
443600 55653 0 55247 2 318 336
444000 55704 0 55296 2 318 336
444400 55756 0 55344 2 318 336
444800 55801 0 55399 2 318 336
445200 55850 0 55450 2 318 336
445600 55896 0 55504 2 318 336
446000 55953 0 55547 2 318 336
446400 56006 0 55594 2 318 336
446800 56060 0 55640 2 318 336
447200 56115 0 55685 2 318 336
447600 56156 0 55744 2 318 336
448000 56205 0 55795 2 318 336
448400 56259 0 55841 2 318 336
448800 56307 0 55893 2 318 336
449200 56351 0 55949 2 318 336
449600 56402 0 55998 2 318 336
450000 56452 0 56048 2 318 336
450400 56500 0 56100 2 318 336
450800 56538 0 56162 2 318 336
451200 56578 0 56222 2 318 336
451600 56632 0 56268 2 318 336
452000 56684 0 56316 2 318 336
452400 56732 0 56368 2 318 336
452800 56781 0 56419 2 318 336
453200 56820 0 56480 2 318 336
453600 56875 0 56525 2 318 336
454000 56927 0 56573 2 318 336
454400 56981 0 56619 2 318 336
454800 57028 0 56672 2 318 336
455200 57078 0 56722 2 318 336
455600 57140 0 56760 2 318 336
456000 57199 0 56801 2 318 336
456400 57249 0 56851 2 318 336
456800 57298 0 56902 2 318 336
457200 57336 0 56964 2 318 336
457600 57376 0 57024 2 318 336
458000 57421 0 57079 2 318 336
458400 57470 0 57130 2 318 336
458800 57518 0 57182 2 318 336
459200 57565 0 57235 2 318 336
459600 57614 0 57286 2 318 336
460000 57673 0 57327 2 318 336
460400 57721 0 57379 2 318 336
460800 57769 0 57431 2 318 336
461200 57820 0 57480 2 318 336
461600 57877 0 57523 2 318 336
462000 57929 0 57571 2 318 336
462400 57986 0 57614 2 318 336
462800 58027 0 57673 2 318 336
463200 58077 0 57723 2 318 336
463600 58122 0 57778 2 318 336
464000 58176 0 57824 2 318 336
464400 58229 0 57871 2 318 336
464800 58277 0 57923 2 318 336
465200 58321 0 57979 2 318 336
465600 58376 0 58024 2 318 336
466000 58420 0 58080 2 318 336
466400 58467 0 58133 2 318 336
466800 58517 0 58183 2 318 336
467200 58565 0 58235 2 318 336
467600 58616 0 58284 2 318 336
468000 58678 0 58322 2 318 336
468400 58731 0 58369 2 318 336
468800 58779 0 58421 2 318 336
469200 58835 0 58465 2 318 336
469600 58885 0 58515 2 318 336
470000 58935 0 58565 2 318 336
470400 58990 0 58610 2 318 336
470800 59038 0 58662 2 318 336
471200 59087 0 58713 2 318 336
471600 59131 0 58769 2 318 336
472000 59180 0 58820 2 318 336
472400 59227 0 58873 2 318 336
472800 59278 0 58922 2 318 336
473200 59314 0 58986 2 318 336
473600 59365 0 59035 2 318 336
474000 59417 0 59083 2 318 336
474400 59464 0 59136 2 318 336
474800 59520 0 59180 2 318 336
475200 59572 0 59228 2 318 336
475600 59630 0 59270 2 318 336
476000 59681 0 59319 2 318 336
476400 59728 0 59372 2 318 336
476800 59778 0 59422 2 318 337
477200 59818 0 59482 2 318 337
477600 59865 0 59535 2 318 337
478000 59914 0 59586 2 318 337
478400 59974 0 59626 2 318 337
478800 60019 0 59681 2 318 337
479200 60067 0 59733 2 318 337
479600 60120 0 59780 2 318 337
480000 60173 0 59827 2 318 337
480400 60218 0 59882 2 318 337
480800 60264 0 59936 2 318 337
481200 60311 0 59989 2 318 337
481600 60364 0 60036 2 318 337
482000 60412 0 60088 2 318 337
482400 60466 0 60134 2 318 337
482800 60516 0 60184 2 318 337
483200 60574 0 60226 2 318 337
483600 60622 0 60278 2 318 337
484000 60663 0 60337 2 318 337
484400 60709 0 60391 2 318 337
484800 60751 0 60449 2 318 337
485200 60799 0 60501 2 318 337
485600 60838 0 60562 2 318 337
486000 60881 0 60619 2 318 337
486400 60939 0 60661 2 318 337
486800 60989 0 60711 2 318 337
487200 61045 0 60755 2 318 337
487600 61096 0 60804 2 318 337
488000 61153 0 60847 2 318 337
488400 61196 0 60904 2 318 337
488800 61240 0 60960 2 318 337
489200 61289 0 61011 2 318 337
489600 61338 0 61062 2 318 337
490000 61397 0 61103 2 318 337
490400 61447 0 61153 2 318 337
490800 61502 0 61198 2 318 337
491200 61563 0 61237 2 318 337
491600 61621 0 61279 2 318 337
492000 61663 0 61337 2 318 337
492400 61716 0 61384 2 318 337
492800 61757 0 61443 2 318 337
493200 61798 0 61502 2 318 337
493600 61849 0 61551 2 318 337
494000 61899 0 61601 2 318 337
494400 61957 0 61643 2 318 337
494800 62007 0 61693 2 318 337
495200 62055 0 61745 2 318 337
495600 62111 0 61789 2 318 337
496000 62166 0 61834 2 318 337
496400 62213 0 61887 2 318 337
496800 62259 0 61941 2 318 337
497200 62314 0 61986 2 318 337
497600 62367 0 62033 2 318 337
498000 62410 0 62090 2 318 337
498400 62459 0 62141 2 318 337
498800 62511 0 62189 2 318 337
499200 62556 0 62244 2 318 337
499600 62603 0 62297 2 318 337
500000 62652 0 62348 2 318 337
500400 62698 0 62402 2 318 337
500800 62753 0 62447 2 318 337
501200 62798 0 62502 2 318 337
501600 62844 0 62556 2 318 337
502000 62892 0 62608 2 318 337
502400 62946 0 62654 2 318 337
502800 63000 0 62700 2 318 337
503200 63047 0 62753 2 318 337
503600 63100 0 62800 2 318 337
504000 63141 0 62859 3 317 336
504400 63196 0 62904 3 317 336
504800 63239 0 62961 3 317 336
505200 63290 0 63010 3 317 336
505600 63338 0 63062 3 317 336
506000 63383 0 63117 3 317 336
506400 63430 0 63170 3 317 336
506800 63470 0 63230 3 317 336
507200 63517 0 63283 3 317 336
507600 63561 0 63339 3 317 336
508000 63599 0 63401 3 317 336
508400 63653 0 63447 3 317 336
508800 63693 0 63507 3 317 336
509200 63741 0 63559 3 317 336
509600 63788 0 63612 3 317 336
510000 63834 0 63666 3 317 336
510400 63886 0 63714 3 317 336
510800 63937 0 63763 3 317 336
511200 63976 0 63824 3 317 336
511600 64028 0 63872 3 317 336
512000 64079 0 63921 3 317 336
512400 64122 0 63978 3 317 336
512800 64174 0 64026 3 317 336
513200 64225 0 64075 3 317 336
513600 64280 0 64120 3 317 336
514000 64323 0 64177 3 317 336
514400 64379 0 64221 3 317 336
514800 64435 0 64265 3 317 336
515200 64489 0 64311 3 317 336
515600 64532 0 64368 3 317 336
516000 64582 0 64418 3 317 336
516400 64631 0 64469 3 317 336
516800 64692 0 64508 3 317 336
517200 64739 0 64561 3 317 336
517600 64789 0 64611 3 317 336
518000 64824 0 64676 3 317 336
518400 64871 0 64729 3 317 336
518800 64919 0 64781 3 317 336
519200 64964 0 64836 3 317 336
519600 65017 0 64883 3 317 336
520000 65058 0 64942 3 317 336
520400 65109 0 64991 3 317 336
520800 65161 0 65039 3 317 336
521200 65209 0 65091 3 317 336
521600 65256 0 65144 3 317 336
522000 65303 0 65197 3 317 336
522400 65354 0 65246 3 317 336
522800 65405 0 65295 3 317 336
523200 65460 0 65340 3 317 336
523600 65510 0 65390 3 317 336
524000 65558 0 65442 3 317 336
524400 65615 0 65485 3 317 336
524800 65663 0 65537 3 317 336
525200 65720 0 65580 3 317 336
525600 65766 0 65634 3 317 336
526000 65819 0 65681 3 317 336
526400 65871 0 65729 3 317 336
526800 65932 0 65768 3 317 336
527200 65978 0 65822 3 317 336
527600 66032 0 65868 3 317 336
528000 66077 0 65923 3 317 336
528400 66123 0 65977 3 317 336
528800 66166 0 66034 3 317 336
529200 66216 0 66084 3 317 336
529600 66261 0 66139 3 317 336
530000 66313 0 66187 3 317 336
530400 66363 0 66237 3 317 336
530800 66415 0 66285 3 317 336
531200 66468 0 66332 3 317 336
531600 66523 0 66377 3 317 336
532000 66568 0 66432 3 317 336
532400 66615 0 66485 3 317 336
532800 66656 0 66544 3 317 336
533200 66701 0 66599 3 317 336
533600 66756 0 66644 3 317 336
534000 66804 0 66696 3 317 336
534400 66851 0 66749 3 317 336
534800 66900 0 66800 3 317 336
535200 66956 0 66844 3 317 336
535600 67008 0 66892 3 317 336
536000 67058 0 66942 3 317 336
536400 67108 0 66992 3 317 336
536800 67160 0 67040 3 317 336
537200 67214 0 67086 3 317 336
537600 67271 0 67129 3 317 336
538000 67322 0 67178 3 317 336
538400 67374 0 67226 3 317 336
538800 67425 0 67275 3 317 336
539200 67478 0 67322 3 317 336
539600 67524 0 67376 3 317 336
540000 67569 0 67431 3 317 336
540400 67619 0 67481 3 317 336
540800 67670 0 67530 3 317 336
541200 67715 0 67585 3 317 336
541600 67761 0 67639 3 317 336
542000 67806 0 67694 3 317 336
542400 67853 0 67747 3 317 336
542800 67894 0 67806 3 317 336
543200 67945 0 67855 3 317 336
543600 67995 0 67905 3 317 336
544000 68045 0 67955 3 317 336
544400 68108 0 67992 3 317 336
544800 68156 0 68044 3 317 336
545200 68199 0 68101 3 317 336
545600 68249 0 68151 3 317 336
546000 68298 0 68202 3 317 336
546400 68349 0 68251 3 317 336
546800 68398 0 68302 3 317 336
547200 68445 0 68355 3 317 336
547600 68497 0 68403 3 317 336
548000 68548 0 68452 3 317 336
548400 68597 0 68503 3 317 336
548800 68646 0 68554 3 317 336
549200 68697 0 68603 3 317 336
549600 68750 0 68650 3 317 336
550000 68801 0 68699 3 317 336
550400 68855 0 68745 3 317 336
550800 68906 0 68794 3 317 336
551200 68962 0 68838 3 317 336
551600 69012 0 68888 3 317 336
552000 69065 0 68935 3 317 336
552400 69113 0 68987 3 317 336
552800 69158 0 69042 3 317 336
553200 69212 0 69088 3 317 336
553600 69270 0 69130 3 317 336
554000 69324 0 69176 3 317 336
554400 69385 0 69215 3 317 336
554800 69435 0 69265 3 317 336
555200 69481 0 69319 3 317 336
555600 69530 0 69370 3 317 336
556000 69579 0 69421 3 317 336
556400 69628 0 69472 3 317 336
556800 69680 0 69520 3 317 336
557200 69738 0 69562 3 317 336
557600 69788 0 69612 3 317 336
558000 69827 0 69673 3 317 336
558400 69881 0 69719 3 317 336
558800 69931 0 69769 3 317 336
559200 69984 0 69816 3 317 336
559600 70037 0 69863 3 317 336
560000 70083 0 69917 3 317 336
560400 70129 0 69971 3 317 336
560800 70174 0 70026 3 317 336
561200 70220 0 70080 3 317 336
561600 70269 0 70131 3 317 336
562000 70324 0 70176 3 317 336
562400 70371 0 70229 3 317 336
562800 70426 0 70274 3 317 336
563200 70467 0 70333 3 317 336
563600 70519 0 70381 3 317 336
564000 70566 0 70434 3 317 336
564400 70612 0 70488 3 317 336
564800 70657 0 70543 3 317 336
565200 70708 0 70592 3 317 336
565600 70760 0 70640 3 317 336
566000 70800 0 70700 3 317 336
566400 70849 0 70751 3 317 336
566800 70902 0 70798 3 317 336
567200 70956 0 70844 3 317 336
567600 71014 0 70886 3 317 336
568000 71076 0 70924 3 317 336
568400 71123 0 70977 3 317 336
568800 71171 0 71029 3 317 336
569200 71224 0 71076 3 317 336
569600 71276 0 71124 3 317 336
570000 71329 0 71171 3 317 336
570400 71379 0 71221 3 317 336
570800 71432 0 71268 3 317 336
571200 71474 0 71326 3 317 336
571600 71530 0 71370 3 317 336
572000 71590 0 71410 3 317 336
572400 71638 0 71462 3 317 336
572800 71683 0 71517 3 317 336
573200 71734 0 71566 3 317 336
573600 71780 0 71620 3 317 336
574000 71829 0 71671 3 317 336
574400 71875 0 71725 3 317 336
574800 71925 0 71775 3 317 336
575200 71972 0 71828 3 317 336
575600 72026 0 71874 3 317 336
576000 72074 0 71926 3 317 336
576400 72116 0 71984 3 317 336
576800 72166 0 72034 3 317 336
577200 72221 0 72079 3 317 336
577600 72278 0 72122 3 317 336
578000 72328 0 72172 3 317 336
578400 72379 0 72221 3 317 336
578800 72429 0 72271 3 317 336
579200 72482 0 72318 3 317 336
579600 72530 0 72370 3 317 336
580000 72580 0 72420 3 317 336
580400 72629 0 72471 3 317 336
580800 72674 0 72526 3 317 336
581200 72725 0 72575 3 317 336
581600 72781 0 72619 3 317 336
582000 72830 0 72670 3 317 336
582400 72885 0 72715 3 317 336
582800 72934 0 72766 3 317 336
583200 72988 0 72812 3 317 336
583600 73042 0 72858 3 317 336
584000 73088 0 72912 3 317 336
584400 73138 0 72962 3 317 336
584800 73186 0 73014 3 317 336
585200 73234 0 73066 3 317 336
585600 73281 0 73119 3 317 336
586000 73339 0 73161 3 317 336
586400 73388 0 73212 3 317 336
586800 73437 0 73263 3 317 336
587200 73486 0 73314 3 317 336
587600 73531 0 73369 3 317 336
588000 73579 0 73421 3 317 336
588400 73635 0 73465 3 317 336
588800 73691 0 73509 3 317 336
589200 73740 0 73560 3 317 336
589600 73789 0 73611 3 317 336
590000 73841 0 73659 3 317 336
590400 73895 0 73705 3 317 336
590800 73939 0 73761 3 317 336
591200 73996 0 73804 3 317 336
591600 74050 0 73850 3 317 336
592000 74091 0 73909 3 317 336
592400 74141 0 73959 3 317 336
592800 74194 0 74006 3 317 336
593200 74243 0 74057 3 317 336
593600 74289 0 74111 3 317 336
594000 74337 0 74163 3 317 336
594400 74397 0 74203 3 317 335
594800 74442 0 74258 3 317 335
595200 74503 0 74297 3 317 335
595600 74559 0 74341 3 317 335
596000 74608 0 74392 3 317 335
596400 74655 0 74445 3 317 335
596800 74710 0 74490 3 317 335
597200 74758 0 74542 3 317 335
597600 74805 0 74595 3 317 335
598000 74859 0 74641 3 317 335
598400 74915 0 74685 3 317 335
598800 74969 0 74731 3 317 335
599200 75022 0 74778 3 317 335
599600 75072 0 74828 3 317 335
600000 75111 0 74889 3 317 335
600400 75163 0 74937 3 317 335
600800 75215 0 74985 3 317 335
601200 75276 0 75024 3 317 335
601600 75328 0 75072 3 317 335
602000 75378 0 75122 3 317 335
602400 75440 0 75160 3 317 335
602800 75500 0 75200 3 317 335
603200 75556 0 75244 3 317 335
603600 75605 0 75295 3 317 335
604000 75656 0 75344 3 317 335
604400 75702 0 75398 3 317 335
604800 75743 0 75457 3 317 335
605200 75795 0 75505 3 317 335
605600 75851 0 75549 3 317 335
606000 75907 0 75593 3 317 335
606400 75958 0 75642 3 317 335
606800 76005 0 75695 3 317 335
607200 76061 0 75739 3 317 335
607600 76115 0 75785 3 317 335
608000 76167 0 75833 3 317 335
608400 76218 0 75882 3 317 335
608800 76276 0 75924 3 317 335
609200 76327 0 75973 3 317 335
609600 76384 0 76016 3 317 335
610000 76437 0 76063 3 317 335
610400 76488 0 76112 3 317 335
610800 76539 0 76161 3 317 335
611200 76586 0 76214 3 317 335
611600 76633 0 76267 3 317 335
612000 76678 0 76322 3 317 335
612400 76731 0 76369 3 317 335
612800 76778 0 76422 3 317 335
613200 76831 0 76469 3 317 334
613600 76886 0 76514 3 317 334
614000 76936 0 76564 3 317 334
614400 76978 0 76622 3 317 334
614800 77026 0 76674 3 317 334
615200 77077 0 76723 3 317 333
615600 77125 0 76775 3 317 333
616000 77180 0 76820 3 317 333
616400 77230 0 76870 3 317 333
616800 77271 0 76929 3 317 333
617200 77326 0 76974 3 317 333
617600 77383 0 77017 3 317 333
618000 77429 0 77071 3 317 333
618400 77471 0 77129 3 317 333
618800 77515 0 77185 3 317 333
619200 77567 0 77233 3 317 333
619600 77622 0 77278 3 317 333
620000 77668 0 77332 3 317 333
620400 77721 0 77379 3 317 333
620800 77770 0 77430 3 317 333
621200 77820 0 77480 3 317 333
621600 77873 0 77527 3 317 333
622000 77925 0 77575 3 317 333
622400 77972 0 77628 3 317 332
622800 78018 0 77682 3 317 332
623200 78065 0 77735 3 317 332
623600 78106 0 77794 3 317 332
624000 78149 0 77851 3 317 332
624400 78206 0 77894 3 317 332
624800 78252 0 77948 3 317 332
625200 78299 0 78001 3 317 332
625600 78354 0 78046 3 317 332
626000 78411 0 78089 3 317 332
626400 78460 0 78140 3 317 332
626800 78500 0 78200 3 317 332
627200 78544 0 78256 3 317 332
627600 78586 0 78314 3 317 332
628000 78639 0 78361 3 317 332
628400 78687 0 78413 3 317 332
628800 78744 0 78456 3 317 332
629200 78783 0 78517 3 317 332
629600 78823 0 78577 3 317 332
630000 78860 0 78640 3 317 332
630400 78914 0 78686 3 317 332
630800 78959 0 78741 3 317 332
631200 79006 0 78794 3 317 332
631600 79062 0 78838 3 317 332
632000 79116 0 78884 3 317 332
632400 79169 0 78931 3 317 332
632800 79222 0 78978 3 317 332
633200 79276 0 79024 3 317 332
633600 79330 0 79070 3 317 332
634000 79373 0 79127 3 317 332
634400 79422 0 79178 3 317 332
634800 79477 0 79223 3 317 332
635200 79528 0 79272 3 317 332
635600 79576 0 79324 3 317 332
636000 79631 0 79369 3 317 332
636400 79686 0 79414 3 317 332
636800 79735 0 79465 3 317 332
637200 79781 0 79519 3 317 332
637600 79831 0 79569 3 317 332
638000 79887 0 79613 3 317 332
638400 79929 0 79671 3 317 332
638800 79981 0 79719 3 317 332
639200 80023 0 79777 3 317 332
639600 80076 0 79824 3 317 332
640000 80130 0 79870 3 317 332
640400 80174 0 79926 3 317 332
640800 80218 0 79982 3 317 332
641200 80258 0 80042 3 317 332
641600 80308 0 80092 3 317 332
642000 80361 0 80139 3 317 332
642400 80422 0 80178 3 317 332
642800 80459 0 80241 3 317 332
643200 80512 0 80288 3 317 332
643600 80557 0 80343 3 317 332
644000 80608 0 80392 3 317 332
644400 80662 0 80438 3 317 331
644800 80715 0 80485 3 317 331
645200 80767 0 80533 3 317 331
645600 80826 0 80574 3 317 331
646000 80871 0 80629 3 317 331
646400 80929 0 80671 3 317 331
646800 80968 0 80732 3 317 331
647200 81017 0 80783 3 317 331
647600 81065 0 80835 3 317 331
648000 81115 0 80885 3 317 331
648400 81176 0 80924 3 317 331
648800 81231 0 80969 3 317 331
649200 81285 0 81015 3 317 331
649600 81338 0 81062 3 317 331
650000 81392 0 81108 3 317 331
650400 81447 0 81153 3 317 331
650800 81496 0 81204 3 317 331
651200 81539 0 81261 3 317 331
651600 81589 0 81311 3 317 331
652000 81640 0 81360 3 317 331
652400 81685 0 81415 3 317 331
652800 81734 0 81466 3 317 331
653200 81786 0 81514 3 317 331
653600 81835 0 81565 3 317 331
654000 81887 0 81613 3 317 331
654400 81935 0 81665 3 317 331
654800 81987 0 81713 3 317 331
655200 82038 0 81762 3 317 331
655600 82080 0 81820 3 317 331
656000 82133 0 81867 3 317 331
656400 82181 0 81919 3 317 331
656800 82235 0 81965 3 317 331
657200 82283 0 82017 3 317 331
657600 82334 0 82066 3 317 331
658000 82378 0 82122 3 317 331
658400 82430 0 82170 3 317 331
658800 82495 0 82205 3 317 331
659200 82546 0 82254 3 317 331
659600 82592 0 82308 3 317 331
660000 82644 0 82356 3 317 331
660400 82686 0 82414 3 317 331
660800 82729 0 82471 3 317 331
661200 82780 0 82520 3 317 331
661600 82836 0 82564 3 317 331
662000 82878 0 82622 3 317 331
662400 82925 0 82675 3 317 331
662800 82986 0 82714 3 317 331
663200 83038 0 82762 3 317 331
663600 83091 0 82809 3 317 331
664000 83134 0 82866 3 317 331
664400 83192 0 82908 3 317 331
664800 83249 0 82951 3 317 331
665200 83301 0 82999 3 317 331
665600 83350 0 83050 3 317 331
666000 83403 0 83097 3 317 331
666400 83460 0 83140 3 317 331
666800 83514 0 83186 3 317 331
667200 83564 0 83236 3 317 331
667600 83618 0 83282 3 317 331
668000 83674 0 83326 3 317 331
668400 83722 0 83378 3 317 331
668800 83770 0 83430 3 317 331
669200 83821 0 83479 3 317 331
669600 83877 0 83523 3 317 331
670000 83917 0 83583 3 317 331
670400 83966 0 83634 3 317 331
670800 84020 0 83680 3 317 331
671200 84065 0 83735 3 317 331
671600 84124 0 83776 3 317 331
672000 84169 0 83831 3 317 331
672400 84218 0 83882 3 317 331
672800 84272 0 83928 3 317 331
673200 84318 0 83982 3 317 331
673600 84368 0 84032 3 317 331
674000 84419 0 84081 3 317 331
674400 84474 0 84126 3 317 331
674800 84528 0 84172 3 317 331
675200 84577 0 84223 3 317 331
675600 84628 0 84272 3 317 331
676000 84689 0 84311 3 317 331
676400 84739 0 84361 3 317 331
676800 84786 0 84414 3 317 331
677200 84834 0 84466 3 317 331
677600 84885 0 84515 3 317 331
678000 84922 0 84578 3 317 331
678400 84970 0 84630 3 317 331
678800 85023 0 84677 3 317 331
679200 85070 0 84730 3 317 331
679600 85122 0 84778 3 317 331
680000 85176 0 84824 3 317 332
680400 85227 0 84873 3 317 332
680800 85281 0 84919 3 317 332
681200 85330 0 84970 3 317 332
681600 85374 0 85026 3 317 332
682000 85430 0 85070 3 317 332
682400 85480 0 85120 3 317 332
682800 85541 0 85159 3 317 332
683200 85578 0 85222 3 317 332
683600 85622 0 85278 3 317 332
684000 85670 0 85330 3 317 332
684400 85721 0 85379 3 317 332
684800 85761 0 85439 3 317 332
685200 85808 0 85492 3 317 332
685600 85856 0 85544 3 317 332
686000 85907 0 85593 3 317 332
686400 85953 0 85647 3 317 332
686800 86011 0 85689 3 317 332
687200 86058 0 85742 3 317 332
687600 86108 0 85792 3 317 332
688000 86165 0 85835 3 317 332
688400 86220 0 85880 3 317 332
688800 86263 0 85937 3 317 332
689200 86309 0 85991 3 317 332
689600 86357 0 86043 3 317 332
690000 86404 0 86096 3 317 332
690400 86454 0 86146 3 317 332
690800 86498 0 86202 3 317 332
691200 86543 0 86257 3 317 332
691600 86589 0 86311 3 317 332
692000 86636 0 86364 3 317 332
692400 86681 0 86419 3 317 332
692800 86732 0 86468 3 317 332
693200 86781 0 86519 3 317 332
693600 86830 0 86570 3 317 332
694000 86879 0 86621 3 317 332
694400 86929 0 86671 3 317 332
694800 86977 0 86723 3 317 332
695200 87025 0 86775 3 317 332
695600 87082 0 86818 3 317 332
696000 87143 0 86857 3 317 332
696400 87197 0 86903 3 317 332
696800 87234 0 86966 3 317 332
697200 87286 0 87014 3 317 332
697600 87329 0 87071 3 317 332
698000 87378 0 87122 3 317 332
698400 87433 0 87167 3 317 333
698800 87484 0 87216 3 317 333
699200 87538 0 87262 3 317 333
699600 87582 0 87318 3 317 333
700000 87630 0 87370 3 317 333
700400 87684 0 87416 3 317 333
700800 87736 0 87464 3 317 333
701200 87782 0 87518 3 317 333
701600 87827 0 87573 3 317 333
702000 87874 0 87626 3 317 333
702400 87926 0 87674 3 317 333
702800 87980 0 87720 3 317 333
703200 88034 0 87766 3 317 333
703600 88090 0 87810 3 317 333
704000 88142 0 87858 3 317 333
704400 88188 0 87912 3 317 333
704800 88232 0 87968 3 317 333
705200 88281 0 88019 3 317 333
705600 88330 0 88070 3 317 333
706000 88387 0 88113 3 317 333
706400 88445 0 88155 3 317 333
706800 88499 0 88201 3 317 333
707200 88551 0 88249 3 317 333
707600 88597 0 88303 3 317 332
708000 88645 0 88355 3 317 332
708400 88696 0 88404 3 317 332
708800 88737 0 88463 3 317 332
709200 88785 0 88515 3 317 332
709600 88833 0 88567 3 317 332
710000 88885 0 88615 3 317 332
710400 88934 0 88666 3 317 332
710800 88983 0 88717 3 317 332
711200 89040 0 88760 3 317 332
711600 89102 0 88798 3 317 332
712000 89150 0 88850 3 317 332
712400 89193 0 88907 3 317 332
712800 89245 0 88955 3 317 332
713200 89292 0 89008 3 317 332
713600 89340 0 89060 3 317 332
714000 89391 0 89109 3 317 332
714400 89446 0 89154 3 317 332
714800 89494 0 89206 3 317 332
715200 89547 0 89253 3 317 332
715600 89594 0 89306 3 317 332
716000 89636 0 89364 3 317 332
716400 89693 0 89407 3 317 332
716800 89747 0 89453 3 317 332
717200 89789 0 89511 3 317 332
717600 89842 0 89558 3 317 332
718000 89905 0 89595 3 317 332
718400 89960 0 89640 3 317 331
718800 90018 0 89682 3 317 331
719200 90073 0 89727 3 317 331
719600 90116 0 89784 3 317 331
720000 90167 0 89833 3 317 331
720400 90217 0 89883 3 317 331
720800 90261 0 89939 3 317 331
721200 90315 0 89985 3 317 331
721600 90363 0 90037 3 317 331
722000 90409 0 90091 3 317 331
722400 90453 0 90147 3 317 331
722800 90501 0 90199 3 317 331
723200 90553 0 90247 3 317 331
723600 90608 0 90292 3 317 331
724000 90650 0 90350 3 317 331
724400 90707 0 90393 3 317 331
724800 90759 0 90441 3 317 331
725200 90809 0 90491 3 317 331
725600 90856 0 90544 3 317 331
726000 90905 0 90595 3 317 331
726400 90947 0 90653 3 317 331
726800 90998 0 90702 3 317 331
727200 91054 0 90746 3 317 331
727600 91112 0 90788 3 317 331
728000 91160 0 90840 3 317 331
728400 91222 0 90878 3 317 331
728800 91274 0 90926 3 317 331
729200 91319 0 90981 3 317 331
729600 91372 0 91028 3 317 331
730000 91427 0 91073 3 317 331
730400 91475 0 91125 3 317 331
730800 91518 0 91182 3 317 331
731200 91574 0 91226 3 317 331
731600 91630 0 91270 3 317 331
732000 91688 0 91312 3 317 331
732400 91734 0 91366 3 317 331
732800 91777 0 91423 3 317 331
733200 91821 0 91479 3 317 331
733600 91863 0 91537 3 317 331
734000 91911 0 91589 3 317 331
734400 91961 0 91639 3 317 331
734800 92011 0 91689 3 317 331
735200 92058 0 91742 3 317 331
735600 92106 0 91794 3 317 331
736000 92152 0 91848 3 317 331
736400 92202 0 91898 3 317 331
736800 92254 0 91946 3 317 331
737200 92308 0 91992 3 317 331
737600 92359 0 92041 3 317 331
738000 92414 0 92086 3 317 331
738400 92472 0 92128 3 317 331
738800 92527 0 92173 3 317 331
739200 92578 0 92222 3 317 331
739600 92630 0 92270 3 317 331
740000 92681 0 92319 3 317 331
740400 92731 0 92369 3 317 331
740800 92775 0 92425 3 317 331
741200 92825 0 92475 3 317 331
741600 92866 0 92534 3 317 331
742000 92917 0 92583 3 317 331
742400 92964 0 92636 3 317 331
742800 93018 0 92682 3 317 331
743200 93066 0 92734 3 317 331
743600 93107 0 92793 3 317 331
744000 93154 0 92846 4 316 330
744400 93211 0 92889 4 316 330
744800 93264 0 92936 4 316 330
745200 93311 0 92989 4 316 330
745600 93359 0 93041 4 316 330
746000 93407 0 93093 4 316 330
746400 93463 0 93137 4 316 330
746800 93519 0 93181 4 316 330
747200 93565 0 93235 4 316 330
747600 93610 0 93290 4 316 330
748000 93652 0 93348 4 316 330
748400 93700 0 93400 4 316 330
748800 93749 0 93451 4 316 330
749200 93790 0 93510 4 316 330
749600 93839 0 93561 4 316 330
750000 93887 0 93613 4 316 330
750400 93941 0 93659 4 316 330
750800 93998 0 93702 4 316 330
751200 94048 0 93752 4 316 330
751600 94103 0 93797 4 316 330
752000 94155 0 93845 5 315 330
752400 94199 0 93901 5 315 330
752800 94248 0 93952 5 315 329
753200 94295 0 94005 5 315 329
753600 94344 0 94056 5 315 329
754000 94401 0 94099 5 315 328
754400 94460 0 94140 5 315 328
754800 94503 0 94197 5 315 328
755200 94548 0 94252 5 315 328
755600 94597 0 94303 5 315 328
756000 94652 0 94348 5 315 328
756400 94707 0 94393 5 315 328
756800 94755 0 94445 5 315 328
757200 94799 0 94501 5 315 328
757600 94849 0 94551 5 315 328
758000 94895 0 94605 5 315 328
758400 94946 0 94654 5 315 328
758800 94991 0 94709 5 315 328
759200 95036 0 94764 5 315 328
759600 95089 0 94811 5 315 328
760000 95138 0 94862 5 315 328
760400 95186 0 94914 5 315 328
760800 95229 0 94971 5 315 328
761200 95279 0 95021 5 315 328
761600 95324 0 95076 5 315 328
762000 95379 0 95121 5 315 328
762400 95430 0 95170 5 315 328
762800 95479 0 95221 5 315 328
763200 95527 0 95273 5 315 328
763600 95578 0 95322 5 315 328
764000 95618 0 95382 5 315 328
764400 95673 0 95427 5 315 328
764800 95733 0 95467 5 315 328
765200 95785 0 95515 5 315 328
765600 95830 0 95570 5 315 328
766000 95889 0 95611 5 315 328
766400 95945 0 95655 5 315 328
766800 95996 0 95704 5 315 328
767200 96043 0 95757 5 315 328
767600 96093 0 95807 5 315 328
768000 96136 0 95864 5 315 328
768400 96187 0 95913 5 315 328
768800 96236 0 95964 5 315 328
769200 96285 0 96015 5 315 328
769600 96335 0 96065 5 315 328
770000 96380 0 96120 5 315 328
770400 96436 0 96164 5 315 328
770800 96483 0 96217 5 315 328
771200 96533 0 96267 5 315 328
771600 96587 0 96313 5 315 328
772000 96649 0 96351 5 315 328
772400 96699 0 96401 5 315 328
772800 96743 0 96457 5 315 328
773200 96793 0 96507 5 315 328
773600 96850 0 96550 5 315 328
774000 96903 0 96597 5 315 328
774400 96954 0 96646 5 315 328
774800 97009 0 96691 5 315 328
775200 97056 0 96744 5 315 328
775600 97101 0 96799 5 315 328
776000 97163 0 96837 5 315 328
776400 97209 0 96891 5 315 328
776800 97258 0 96942 5 315 328
777200 97312 0 96988 5 315 328
777600 97369 0 97031 5 315 328
778000 97421 0 97079 5 315 328
778400 97468 0 97132 5 315 328
778800 97526 0 97174 5 315 328
779200 97573 0 97227 5 315 328
779600 97624 0 97276 5 315 328
780000 97676 0 97324 5 315 328
780400 97722 0 97378 5 315 328
780800 97775 0 97425 5 315 328
781200 97815 0 97485 5 315 328
781600 97863 0 97537 5 315 328
782000 97909 0 97591 5 315 328
782400 97954 0 97646 5 315 328
782800 97995 0 97705 5 315 328
783200 98058 0 97742 5 315 328
783600 98110 0 97790 5 315 328
784000 98153 0 97847 5 315 328
784400 98201 0 97899 5 315 328
784800 98260 0 97940 5 315 328
785200 98312 0 97988 5 315 328
785600 98371 0 98029 5 315 328
786000 98420 0 98080 5 315 328
786400 98470 0 98130 5 315 328
786800 98519 0 98181 5 315 328
787200 98569 0 98231 5 315 328
787600 98623 0 98277 5 315 327
788000 98673 0 98327 5 315 327
788400 98729 0 98371 5 315 327
788800 98783 0 98417 5 315 327
789200 98833 0 98467 5 315 327
789600 98887 0 98513 5 315 327
790000 98938 0 98562 5 315 327
790400 98990 0 98610 5 315 327
790800 99044 0 98656 5 315 327
791200 99097 0 98703 5 315 327
791600 99151 0 98749 5 315 327
792000 99204 0 98796 5 315 327
792400 99251 0 98849 5 315 327
792800 99305 0 98895 5 315 327
793200 99359 0 98941 5 315 327
793600 99414 0 98986 5 315 327
794000 99466 0 99034 5 315 327
794400 99525 0 99075 5 315 327
794800 99562 0 99138 5 315 327
795200 99610 0 99190 5 315 327
795600 99672 0 99228 5 315 327
796000 99724 0 99276 5 315 327
796400 99766 0 99334 5 315 327
796800 99822 0 99378 5 315 327
797200 99875 0 99425 5 315 327
797600 99917 0 99483 5 315 327
798000 99962 0 99538 5 315 327
798400 100011 0 99589 5 315 327
798800 100073 0 99627 5 315 327
799200 100121 0 99679 5 315 327
799600 100172 0 99728 5 315 327
800000 100229 0 99771 5 315 327
800400 100289 0 99811 5 315 327
800800 100330 0 99870 5 315 327
801200 100380 0 99920 5 315 327
801600 100430 0 99970 5 315 327
802000 100476 0 100024 5 315 327
802400 100522 0 100078 5 315 327
802800 100569 0 100131 5 315 327
803200 100615 0 100185 5 315 327
803600 100664 0 100236 5 315 327
804000 100715 0 100285 5 315 327
804400 100771 0 100329 5 315 327
804800 100827 0 100373 5 315 327
805200 100882 0 100418 5 315 327
805600 100931 0 100469 5 315 327
806000 100988 0 100512 5 315 327
806400 101039 0 100561 5 315 327
806800 101083 0 100617 5 315 327
807200 101140 0 100660 5 315 327
807600 101185 0 100715 6 314 326
808000 101236 0 100764 6 314 326
808400 101279 0 100821 6 314 326
808800 101328 0 100872 6 314 326
809200 101383 0 100917 6 314 326
809600 101435 0 100965 6 314 326
810000 101484 0 101016 6 314 326
810400 101530 0 101070 6 314 326
810800 101585 0 101115 6 314 326
811200 101644 0 101156 6 314 326
811600 101695 0 101205 6 314 326
812000 101752 0 101248 6 314 326
812400 101800 0 101300 6 314 326
812800 101855 0 101345 6 314 326
813200 101901 0 101399 6 314 326
813600 101947 0 101453 6 314 327
814000 102000 0 101500 6 314 327
814400 102047 0 101553 6 314 327
814800 102098 0 101602 6 314 327
815200 102155 0 101645 6 314 326
815600 102201 0 101699 6 314 326
816000 102251 0 101749 6 314 326
816400 102303 0 101797 6 314 326
816800 102351 0 101849 6 314 326
817200 102398 0 101902 6 314 326
817600 102447 0 101953 6 314 326
818000 102502 0 101998 6 314 326
818400 102553 0 102047 6 314 326
818800 102608 0 102092 6 314 326
819200 102660 0 102140 6 314 326
819600 102711 0 102189 6 314 326
820000 102760 0 102240 6 314 326
820400 102808 0 102292 6 314 326
820800 102864 0 102336 6 314 326
821200 102922 0 102378 6 314 326
821600 102974 0 102426 6 314 326
822000 103016 0 102484 6 314 326
822400 103067 0 102533 6 314 326
822800 103113 0 102587 6 314 326
823200 103164 0 102636 6 314 326
823600 103217 0 102683 7 313 325
824000 103260 0 102740 7 313 325
824400 103306 0 102794 7 313 325
824800 103356 0 102844 7 313 325
825200 103403 0 102897 7 313 325
825600 103451 0 102949 7 313 325
826000 103504 0 102996 7 313 325
826400 103553 0 103047 7 313 325
826800 103602 0 103098 7 313 325
827200 103648 0 103152 7 313 325
827600 103702 0 103198 7 313 325
828000 103755 0 103245 7 313 325
828400 103810 0 103290 7 313 325
828800 103860 0 103340 7 313 325
829200 103913 0 103387 7 313 325
829600 103962 0 103438 7 313 325
830000 104004 0 103496 7 313 325
830400 104051 0 103549 7 313 325
830800 104102 0 103598 7 313 325
831200 104163 0 103637 7 313 325
831600 104212 0 103688 7 313 325
832000 104267 0 103733 7 313 325
832400 104313 0 103787 7 313 325
832800 104363 0 103837 7 313 325
833200 104410 0 103890 7 313 325
833600 104460 0 103940 7 313 325
834000 104503 0 103997 7 313 325
834400 104559 0 104041 7 313 325
834800 104620 0 104080 7 313 325
835200 104671 0 104129 7 313 325
835600 104728 0 104172 7 313 325
836000 104778 0 104222 7 313 325
836400 104836 0 104264 7 313 325
836800 104885 0 104315 7 313 325
837200 104945 0 104355 7 313 325
837600 104994 0 104406 7 313 325
838000 105050 0 104450 7 313 325
838400 105094 0 104506 7 313 325
838800 105149 0 104551 7 313 325
839200 105205 0 104595 7 313 325
839600 105255 0 104645 7 313 325
840000 105301 0 104699 7 313 325
840400 105351 0 104749 7 313 325
840800 105408 0 104792 7 313 325
841200 105466 0 104834 7 313 325
841600 105513 0 104887 7 313 325
842000 105567 0 104933 7 313 325
842400 105623 0 104977 7 313 325
842800 105680 0 105020 7 313 325
843200 105736 0 105064 7 313 325
843600 105785 0 105115 7 313 325
844000 105851 0 105149 7 313 325
844400 105882 0 105218 7 313 325
844800 105943 0 105257 7 313 325
845200 106000 0 105300 7 313 325
845600 106054 0 105346 7 313 325
846000 106102 0 105398 7 313 325
846400 106150 0 105450 7 313 326
846800 106208 0 105492 7 313 326
847200 106265 0 105535 7 313 326
847600 106314 0 105586 7 313 326
848000 106360 0 105640 7 313 326
848400 106405 0 105695 7 313 326
848800 106460 0 105740 7 313 326
849200 106508 0 105792 7 313 326
849600 106559 0 105841 7 313 326
850000 106607 0 105893 7 313 326
850400 106662 0 105938 7 313 326
850800 106722 0 105978 7 313 326
851200 106785 0 106015 7 313 326
851600 106833 0 106067 7 313 326
852000 106886 0 106114 7 313 326
852400 106931 0 106169 7 313 326
852800 106980 0 106220 7 313 326
853200 107029 0 106271 7 313 326
853600 107082 0 106318 7 313 326
854000 107134 0 106366 7 313 327
854400 107181 0 106419 7 313 327
854800 107230 0 106470 7 313 327
855200 107287 0 106513 7 313 327
855600 107335 0 106565 7 313 327
856000 107376 0 106624 7 313 327
856400 107412 0 106688 7 313 327
856800 107463 0 106737 7 313 327
857200 107500 0 106800 7 313 327
857600 107553 0 106847 7 313 327
858000 107601 0 106899 7 313 327
858400 107649 0 106951 7 313 327
858800 107697 0 107003 7 313 327
859200 107747 0 107053 7 313 327
859600 107797 0 107103 7 313 327
860000 107849 0 107151 7 313 327
860400 107906 0 107194 7 313 327
860800 107950 0 107250 7 313 327
861200 108002 0 107298 7 313 327
861600 108051 0 107349 7 313 327
862000 108097 0 107403 7 313 327
862400 108156 0 107444 7 313 327
862800 108211 0 107489 7 313 327
863200 108264 0 107536 7 313 327
863600 108318 0 107582 7 313 327
864000 108365 0 107635 7 313 327
864400 108421 0 107679 7 313 327
864800 108470 0 107730 7 313 327
865200 108527 0 107773 7 313 327
865600 108571 0 107829 7 313 327
866000 108621 0 107879 7 313 327
866400 108672 0 107928 7 313 327
866800 108724 0 107976 7 313 327
867200 108775 0 108025 7 313 327
867600 108828 0 108072 7 313 327
868000 108879 0 108121 7 313 327
868400 108927 0 108173 7 313 327
868800 108985 0 108215 7 313 327
869200 109046 0 108254 7 313 327
869600 109097 0 108303 7 313 327
870000 109141 0 108359 7 313 327
870400 109187 0 108413 7 313 327
870800 109239 0 108461 7 313 327
871200 109293 0 108507 7 313 327
871600 109340 0 108560 7 313 327
872000 109393 0 108607 7 313 327
872400 109444 0 108656 7 313 327
872800 109493 0 108707 7 313 327
873200 109543 0 108757 7 313 327
873600 109593 0 108807 7 313 327
874000 109639 0 108861 7 313 327
874400 109685 0 108915 7 313 327
874800 109733 0 108967 7 313 327
875200 109782 0 109018 7 313 327
875600 109834 0 109066 7 313 327
876000 109883 0 109117 7 313 327
876400 109933 0 109167 7 313 327
876800 109985 0 109215 7 313 327
877200 110039 0 109261 7 313 327
877600 110085 0 109315 7 313 327
878000 110137 0 109363 7 313 327
878400 110191 0 109409 7 313 327
878800 110238 0 109462 7 313 327
879200 110286 0 109514 7 313 327
879600 110335 0 109565 7 313 327
880000 110389 0 109611 7 313 327
880400 110438 0 109662 7 313 327
880800 110491 0 109709 7 313 327
881200 110540 0 109760 8 312 326
881600 110598 0 109802 8 312 326
882000 110649 0 109851 8 312 326
882400 110700 0 109900 8 312 326
882800 110750 0 109950 8 312 326
883200 110807 0 109993 8 312 325
883600 110856 0 110044 8 312 325
884000 110909 0 110091 8 312 324
884400 110961 0 110139 8 312 324
884800 111014 0 110186 8 312 324
885200 111067 0 110233 8 312 324
885600 111121 0 110279 8 312 324
886000 111176 0 110324 8 312 324
886400 111230 0 110370 8 312 324
886800 111276 0 110424 8 312 324
887200 111326 0 110474 8 312 324
887600 111371 0 110529 8 312 324
888000 111427 0 110573 8 312 324
888400 111486 0 110614 8 312 324
888800 111543 0 110657 8 312 324
889200 111596 0 110704 8 312 324
889600 111643 0 110757 8 312 324
890000 111690 0 110810 8 312 324
890400 111744 0 110856 8 312 324
890800 111793 0 110907 8 312 324
891200 111833 0 110967 8 312 324
891600 111889 0 111011 8 312 324
892000 111940 0 111060 8 312 324
892400 111993 0 111107 8 312 324
892800 112039 0 111161 8 312 324
893200 112084 0 111216 8 312 324
893600 112133 0 111267 8 312 324
894000 112187 0 111313 8 312 324
894400 112239 0 111361 8 312 324
894800 112294 0 111406 8 312 324
895200 112347 0 111453 8 312 324
895600 112398 0 111502 8 312 324
896000 112450 0 111550 8 312 324
896400 112501 0 111599 8 312 324
896800 112553 0 111647 8 312 324
897200 112594 0 111706 8 312 324
897600 112649 0 111751 8 312 324
898000 112705 0 111795 8 312 324
898400 112758 0 111842 8 312 324
898800 112812 0 111888 8 312 324
899200 112869 0 111931 8 312 324
899600 112908 0 111992 8 312 324
900000 112960 0 112040 8 312 324
900400 113014 0 112086 8 312 324
900800 113065 0 112135 8 312 324
901200 113116 0 112184 8 312 324
901600 113167 0 112233 8 312 324
902000 113216 0 112284 8 312 324
902400 113269 0 112331 8 312 324
902800 113320 0 112380 8 312 324
903200 113373 0 112427 8 312 324
903600 113428 0 112472 8 312 324
904000 113475 0 112525 8 312 324
904400 113527 0 112573 8 312 324
904800 113576 0 112624 8 312 324
905200 113619 0 112681 8 312 324
905600 113663 0 112737 8 312 324
906000 113710 0 112790 8 312 324
906400 113755 0 112845 8 312 324
906800 113807 0 112893 8 312 324
907200 113849 0 112951 8 312 324
907600 113897 0 113003 8 312 324
908000 113939 0 113061 8 312 324
908400 113991 0 113109 8 312 324
908800 114038 0 113162 8 312 324
909200 114089 0 113211 8 312 324
909600 114133 0 113267 8 312 324
910000 114182 0 113318 8 312 324
910400 114238 0 113362 8 312 324
910800 114287 0 113413 8 312 324
911200 114343 0 113457 8 312 324
911600 114387 0 113513 8 312 324
912000 114432 0 113568 8 312 324
912400 114486 0 113614 8 312 324
912800 114538 0 113662 8 312 324
913200 114579 0 113721 8 312 324
913600 114630 0 113770 8 312 324
914000 114676 0 113824 8 312 324
914400 114716 0 113884 8 312 324
914800 114762 0 113938 8 312 324
915200 114813 0 113987 8 312 325
915600 114870 0 114030 8 312 325
916000 114927 0 114073 8 312 325
916400 114974 0 114126 8 312 325
916800 115027 0 114173 8 312 325
917200 115077 0 114223 8 312 325
917600 115134 0 114266 8 312 325
918000 115178 0 114322 8 312 325
918400 115228 0 114372 8 312 325
918800 115281 0 114419 8 312 325
919200 115331 0 114469 8 312 326
919600 115387 0 114513 8 312 326
920000 115444 0 114556 8 312 326
920400 115491 0 114609 8 312 326
920800 115538 0 114662 8 312 326
921200 115581 0 114719 8 312 326
921600 115631 0 114769 8 312 326
922000 115681 0 114819 8 312 326
922400 115738 0 114862 8 312 326
922800 115796 0 114904 8 312 326
923200 115840 0 114960 8 312 326
923600 115889 0 115011 8 312 326
924000 115932 0 115068 8 312 326
924400 115983 0 115117 8 312 326
924800 116040 0 115160 8 312 326
925200 116088 0 115212 8 312 326
925600 116131 0 115269 8 312 326
926000 116179 0 115321 8 312 326
926400 116234 0 115366 8 312 326
926800 116278 0 115422 8 312 326
927200 116328 0 115472 8 312 326
927600 116365 0 115535 8 312 326
928000 116403 0 115597 8 312 326
928400 116458 0 115642 8 312 326
928800 116509 0 115691 8 312 326
929200 116558 0 115742 8 312 326
929600 116597 0 115803 8 312 326
930000 116655 0 115845 8 312 326
930400 116706 0 115894 8 312 326
930800 116764 0 115936 8 312 326
931200 116811 0 115989 8 312 326
931600 116862 0 116038 8 312 326
932000 116913 0 116087 8 312 327
932400 116968 0 116132 8 312 327
932800 117018 0 116182 8 312 327
933200 117068 0 116232 8 312 327
933600 117115 0 116285 8 312 328
934000 117161 0 116339 8 312 328
934400 117202 0 116398 8 312 328
934800 117260 0 116440 8 312 328
935200 117320 0 116480 8 312 328
935600 117382 0 116518 8 312 328
936000 117438 0 116562 8 312 328
936400 117494 0 116606 8 312 328
936800 117534 0 116666 8 312 328
937200 117579 0 116721 8 312 328
937600 117633 0 116767 8 312 328
938000 117689 0 116811 8 312 328
938400 117743 0 116857 8 312 328
938800 117791 0 116909 8 312 328
939200 117838 0 116962 8 312 328
939600 117888 0 117012 8 312 328
940000 117943 0 117057 8 312 328
940400 117994 0 117106 8 312 328
940800 118042 0 117158 8 312 328
941200 118100 0 117200 8 312 328
941600 118147 0 117253 8 312 328
942000 118194 0 117306 8 312 328
942400 118255 0 117345 8 312 328
942800 118307 0 117393 8 312 328
943200 118363 0 117437 8 312 328
943600 118412 0 117488 8 312 328
944000 118466 0 117534 8 312 328
944400 118519 0 117581 8 312 327
944800 118580 0 117620 8 312 327
945200 118627 0 117673 8 312 327
945600 118674 0 117726 8 312 327
946000 118724 0 117776 8 312 327
946400 118778 0 117822 8 312 327
946800 118840 0 117860 8 312 327
947200 118883 0 117917 8 312 327
947600 118926 0 117974 8 312 327
948000 118982 0 118018 8 312 327
948400 119036 0 118064 8 312 327
948800 119092 0 118108 8 312 327
949200 119133 0 118167 8 312 327
949600 119174 0 118226 8 312 327
950000 119226 0 118274 8 312 327
950400 119274 0 118326 8 312 327
950800 119332 0 118368 8 312 327
951200 119380 0 118420 8 312 328
951600 119432 0 118468 8 312 328
952000 119480 0 118520 8 312 328
952400 119532 0 118568 8 312 328
952800 119584 0 118616 8 312 328
953200 119622 0 118678 8 312 328
953600 119674 0 118726 8 312 328
954000 119723 0 118777 8 312 328
954400 119781 0 118819 8 312 328
954800 119832 0 118868 8 312 328
955200 119892 0 118908 8 312 328
955600 119952 0 118948 8 312 328
956000 120004 0 118996 8 312 328
956400 120050 0 119050 8 312 328
956800 120097 0 119103 8 312 328
957200 120149 0 119151 8 312 328
957600 120198 0 119202 8 312 328
958000 120250 0 119250 8 312 328
958400 120297 0 119303 8 312 328
958800 120346 0 119354 8 312 328
959200 120399 0 119401 8 312 328
959600 120443 0 119457 8 312 328
960000 120495 0 119505 8 312 328
960400 120541 0 119559 8 312 328
960800 120595 0 119605 8 312 328
961200 120643 0 119657 8 312 328
961600 120692 0 119708 8 312 328
962000 120738 0 119762 8 312 328
962400 120792 0 119808 8 312 328
962800 120846 0 119854 8 312 328
963200 120881 0 119919 8 312 328
963600 120930 0 119970 8 312 328
964000 120984 0 120016 8 312 328
964400 121028 0 120072 8 312 328
964800 121081 0 120119 8 312 328
965200 121130 0 120170 8 312 328
965600 121182 0 120218 8 312 328
966000 121232 0 120268 8 312 328
966400 121285 0 120315 8 312 328
966800 121332 0 120368 8 312 328
967200 121378 0 120422 8 312 328
967600 121421 0 120479 8 312 328
968000 121474 0 120526 8 312 328
968400 121518 0 120582 8 312 328
968800 121569 0 120631 8 312 328
969200 121610 0 120690 8 312 328
969600 121658 0 120742 8 312 328
970000 121711 0 120789 8 312 328
970400 121755 0 120845 8 312 328
970800 121804 0 120896 8 312 328
971200 121861 0 120939 8 312 328
971600 121916 0 120984 8 312 328
972000 121961 0 121039 8 312 328
972400 122021 0 121079 8 312 328
972800 122072 0 121128 8 312 328
973200 122131 0 121169 8 312 328
973600 122185 0 121215 8 312 328
974000 122233 0 121267 8 312 328
974400 122270 0 121330 8 312 328
974800 122322 0 121378 8 312 328
975200 122364 0 121436 8 312 328
975600 122421 0 121479 8 312 328
976000 122468 0 121532 8 312 328
976400 122517 0 121583 8 312 328
976800 122556 0 121644 8 312 328
977200 122597 0 121703 8 312 328
977600 122662 0 121738 8 312 327
978000 122716 0 121784 8 312 327
978400 122755 0 121845 8 312 328
978800 122807 0 121893 8 312 328
979200 122852 0 121948 8 312 328
979600 122888 0 122012 8 312 328
980000 122929 0 122071 8 312 328
980400 122977 0 122123 8 312 328
980800 123018 0 122182 8 312 328
981200 123064 0 122236 8 312 327
981600 123124 0 122276 8 312 327
982000 123172 0 122328 8 312 327
982400 123226 0 122374 8 312 327
982800 123274 0 122426 8 312 327
983200 123332 0 122468 8 312 327
983600 123388 0 122512 8 312 327
984000 123441 0 122559 8 312 328
984400 123482 0 122618 8 312 328
984800 123534 0 122666 8 312 328
985200 123587 0 122713 8 312 328
985600 123635 0 122765 8 312 328
986000 123686 0 122814 8 312 328
986400 123735 0 122865 8 312 328
986800 123791 0 122909 8 312 328
987200 123838 0 122962 8 312 328
987600 123891 0 123009 8 312 328
988000 123956 0 123044 8 312 328
988400 124004 0 123096 8 312 328
988800 124054 0 123146 8 312 328
989200 124098 0 123202 8 312 328
989600 124152 0 123248 8 312 328
990000 124212 0 123288 8 312 328
990400 124256 0 123344 8 312 328
990800 124303 0 123397 8 312 328
991200 124362 0 123438 8 312 328
991600 124404 0 123496 8 312 328
992000 124460 0 123540 8 312 328
992400 124511 0 123589 8 312 328
992800 124564 0 123636 8 312 328
993200 124608 0 123692 8 312 328
993600 124655 0 123745 8 312 328
994000 124703 0 123797 8 312 328
994400 124748 0 123852 8 312 328
994800 124807 0 123893 8 312 328
995200 124845 0 123955 8 312 328
995600 124895 0 124005 8 312 328
996000 124943 0 124057 8 312 328
996400 124996 0 124104 8 312 328
996800 125054 0 124146 8 312 329
997200 125104 0 124196 8 312 329
997600 125160 0 124240 8 312 329
998000 125221 0 124279 8 312 329
998400 125262 0 124338 8 312 329
998800 125313 0 124387 8 312 329
999200 125358 0 124442 8 312 329
999600 125410 0 124490 8 312 329
1000000 125452 0 124548 8 312 329
