# Time-averaged data for fix cgcmcstat
# TimeStep v_ciatt v_ciacc v_cdatt v_cdacc v_nco2 v_nmob
0 0 0 0 0 30 350
400 49 0 51 0 30 350
800 101 0 99 0 30 350
1200 145 0 155 0 30 350
1600 194 0 206 0 30 350
2000 246 0 254 0 30 350
2400 296 0 304 0 30 350
2800 342 0 358 0 30 350
3200 396 0 404 0 30 350
3600 456 0 444 0 30 350
4000 503 0 497 0 30 350
4400 546 0 554 0 30 350
4800 603 0 597 0 30 350
5200 651 0 649 0 30 350
5600 710 0 690 0 30 350
6000 762 0 738 0 30 350
6400 813 0 787 0 30 350
6800 868 0 832 0 30 350
7200 910 0 890 0 30 350
7600 954 0 946 0 30 350
8000 1014 0 986 1 29 349
8400 1063 0 1037 1 29 349
8800 1117 0 1083 1 29 349
9200 1167 0 1133 1 29 349
9600 1217 0 1183 1 29 349
10000 1262 0 1238 1 29 349
10400 1306 0 1294 1 29 349
10800 1358 0 1342 1 29 349
11200 1414 0 1386 1 29 349
11600 1463 0 1437 1 29 349
12000 1512 0 1488 1 29 349
12400 1560 0 1540 1 29 349
12800 1615 0 1585 1 29 349
13200 1670 0 1630 1 29 349
13600 1723 0 1677 1 29 349
14000 1763 0 1737 1 29 349
14400 1803 0 1797 1 29 349
14800 1859 0 1841 1 29 349
15200 1912 0 1888 1 29 349
15600 1959 0 1941 1 29 349
16000 2013 0 1987 1 29 349
16400 2054 0 2046 1 29 349
16800 2106 0 2094 1 29 349
17200 2154 0 2146 1 29 349
17600 2207 0 2193 1 29 349
18000 2261 0 2239 1 29 349
18400 2308 0 2292 1 29 349
18800 2351 0 2349 1 29 349
19200 2403 0 2397 1 29 349
19600 2451 0 2449 1 29 349
20000 2495 0 2505 1 29 349
20400 2545 0 2555 1 29 349
20800 2591 0 2609 1 29 349
21200 2636 0 2664 1 29 349
21600 2696 0 2704 1 29 349
22000 2740 0 2760 1 29 349
22400 2792 0 2808 1 29 349
22800 2840 0 2860 1 29 349
23200 2897 0 2903 1 29 349
23600 2943 0 2957 2 28 348
24000 2995 0 3005 2 28 348
24400 3045 0 3055 2 28 348
24800 3092 0 3108 2 28 348
25200 3144 0 3156 2 28 348
25600 3196 0 3204 2 28 348
26000 3246 0 3254 2 28 348
26400 3299 0 3301 2 28 348
26800 3340 0 3360 2 28 348
27200 3383 0 3417 2 28 348
27600 3440 0 3460 2 28 348
28000 3485 0 3515 2 28 348
28400 3546 0 3554 2 28 348
28800 3603 0 3597 2 28 348
29200 3658 0 3642 2 28 348
29600 3708 0 3692 2 28 348
30000 3758 0 3742 2 28 348
30400 3817 0 3783 2 28 348
30800 3869 0 3831 2 28 348
31200 3917 0 3883 2 28 348
31600 3965 0 3935 2 28 348
32000 4023 0 3977 2 28 348
32400 4078 0 4022 2 28 348
32800 4132 0 4068 2 28 348
33200 4190 0 4110 2 28 348
33600 4243 0 4157 2 28 348
34000 4298 0 4202 2 28 348
34400 4348 0 4252 2 28 348
34800 4400 0 4300 2 28 348
35200 4451 0 4349 2 28 348
35600 4508 0 4392 2 28 348
36000 4551 0 4449 2 28 348
36400 4603 0 4497 2 28 348
36800 4649 0 4551 2 28 348
37200 4694 0 4606 2 28 348
37600 4739 0 4661 2 28 348
38000 4791 0 4709 2 28 348
38400 4841 0 4759 2 28 348
38800 4887 0 4813 2 28 348
39200 4941 0 4859 2 28 348
39600 4985 0 4915 2 28 348
40000 5047 0 4953 2 28 348
40400 5100 0 5000 2 28 348
40800 5146 0 5054 2 28 348
41200 5198 0 5102 2 28 348
41600 5247 0 5153 2 28 348
42000 5301 0 5199 2 28 348
42400 5360 0 5240 2 28 348
42800 5408 0 5292 2 28 348
43200 5456 0 5344 2 28 348
43600 5504 0 5396 2 28 348
44000 5550 0 5450 2 28 348
44400 5606 0 5494 2 28 348
44800 5661 0 5539 2 28 348
45200 5715 0 5585 2 28 348
45600 5759 0 5641 2 28 348
46000 5812 0 5688 2 28 348
46400 5860 0 5740 2 28 348
46800 5907 0 5793 2 28 348
47200 5957 0 5843 2 28 348
47600 6007 0 5893 2 28 348
48000 6049 0 5951 2 28 348
48400 6096 0 6004 2 28 348
48800 6140 0 6060 2 28 348
49200 6194 0 6106 2 28 348
49600 6244 0 6156 2 28 348
50000 6301 0 6199 2 28 348
50400 6358 0 6242 2 28 348
50800 6419 0 6281 2 28 348
51200 6470 0 6330 3 27 347
51600 6521 0 6379 3 27 347
52000 6573 0 6427 3 27 347
52400 6615 0 6485 3 27 347
52800 6664 0 6536 3 27 347
53200 6712 0 6588 3 27 347
53600 6754 0 6646 3 27 347
54000 6798 0 6702 3 27 347
54400 6852 0 6748 3 27 347
54800 6901 0 6799 3 27 347
55200 6962 0 6838 3 27 347
55600 7015 0 6885 3 27 347
56000 7061 0 6939 3 27 347
56400 7112 0 6988 3 27 347
56800 7163 0 7037 3 27 347
57200 7210 0 7090 3 27 347
57600 7265 0 7135 3 27 347
58000 7314 0 7186 3 27 347
58400 7370 0 7230 3 27 347
58800 7412 0 7288 3 27 347
59200 7462 0 7338 3 27 347
59600 7506 0 7394 3 27 347
60000 7559 0 7441 3 27 347
60400 7613 0 7487 3 27 347
60800 7659 0 7541 3 27 347
61200 7714 0 7586 3 27 347
61600 7773 0 7627 3 27 347
62000 7817 0 7683 3 27 347
62400 7865 0 7735 3 27 347
62800 7913 0 7787 3 27 347
63200 7966 0 7834 3 27 347
63600 8020 0 7880 3 27 347
64000 8068 0 7932 4 26 346
64400 8119 0 7981 4 26 346
64800 8172 0 8028 4 26 346
65200 8218 0 8082 4 26 346
65600 8266 0 8134 4 26 346
66000 8325 0 8175 4 26 346
66400 8381 0 8219 4 26 346
66800 8429 0 8271 4 26 346
67200 8478 0 8322 4 26 346
67600 8520 0 8380 4 26 346
68000 8571 0 8429 4 26 346
68400 8629 0 8471 4 26 346
68800 8679 0 8521 4 26 346
69200 8719 0 8581 4 26 346
69600 8762 0 8638 4 26 346
70000 8817 0 8683 4 26 346
70400 8872 0 8728 4 26 346
70800 8920 0 8780 4 26 346
71200 8975 0 8825 4 26 346
71600 9022 0 8878 4 26 346
72000 9075 0 8925 4 26 346
72400 9134 0 8966 4 26 346
72800 9184 0 9016 4 26 346
73200 9238 0 9062 4 26 346
73600 9281 0 9119 4 26 346
74000 9330 0 9170 4 26 346
74400 9389 0 9211 4 26 346
74800 9443 0 9257 4 26 346
75200 9492 0 9308 4 26 346
75600 9544 0 9356 4 26 346
76000 9588 0 9412 4 26 346
76400 9642 0 9458 4 26 346
76800 9697 0 9503 4 26 346
77200 9737 0 9563 4 26 346
77600 9789 0 9611 4 26 346
78000 9841 0 9659 4 26 346
78400 9893 0 9707 4 26 346
78800 9944 0 9756 4 26 346
79200 9993 0 9807 4 26 346
79600 10041 0 9859 4 26 346
80000 10088 0 9912 4 26 346
80400 10130 0 9970 4 26 346
80800 10186 0 10014 4 26 346
81200 10239 0 10061 4 26 346
81600 10297 0 10103 4 26 346
82000 10346 0 10154 4 26 346
82400 10397 0 10203 4 26 346
82800 10449 0 10251 4 26 346
83200 10492 0 10308 4 26 346
83600 10548 0 10352 4 26 346
84000 10600 0 10400 4 26 346
84400 10646 0 10454 4 26 346
84800 10700 0 10500 4 26 346
85200 10742 0 10558 4 26 346
85600 10797 0 10603 4 26 346
86000 10848 0 10652 4 26 346
86400 10897 0 10703 4 26 346
86800 10943 0 10757 4 26 346
87200 10987 0 10813 4 26 346
87600 11036 0 10864 4 26 346
88000 11084 0 10916 4 26 346
88400 11146 0 10954 4 26 346
88800 11194 0 11006 4 26 346
89200 11234 0 11066 4 26 346
89600 11285 0 11115 4 26 346
90000 11343 0 11157 4 26 346
90400 11389 0 11211 4 26 346
90800 11451 0 11249 4 26 346
91200 11506 0 11294 4 26 346
91600 11557 0 11343 4 26 346
92000 11605 0 11395 4 26 346
92400 11654 0 11446 4 26 346
92800 11707 0 11493 4 26 346
93200 11764 0 11536 4 26 346
93600 11809 0 11591 4 26 346
94000 11863 0 11637 4 26 346
94400 11919 0 11681 4 26 346
94800 11963 0 11737 4 26 346
95200 12014 0 11786 5 25 345
95600 12057 0 11843 5 25 345
96000 12102 0 11898 5 25 345
96400 12155 0 11945 5 25 345
96800 12209 0 11991 5 25 345
97200 12260 0 12040 5 25 345
97600 12308 0 12092 5 25 345
98000 12353 0 12147 5 25 345
98400 12402 0 12198 5 25 345
98800 12450 0 12250 5 25 345
99200 12497 0 12303 5 25 345
99600 12548 0 12352 5 25 345
100000 12590 0 12410 5 25 345
100400 12638 0 12462 5 25 345
100800 12685 0 12515 5 25 345
101200 12734 0 12566 5 25 345
101600 12777 0 12623 5 25 345
102000 12836 0 12664 5 25 345
102400 12888 0 12712 5 25 345
102800 12933 0 12767 5 25 345
103200 12982 0 12818 5 25 345
103600 13035 0 12865 5 25 345
104000 13083 0 12917 5 25 345
104400 13132 0 12968 5 25 345
104800 13176 0 13024 5 25 345
105200 13220 0 13080 5 25 345
105600 13274 0 13126 5 25 345
106000 13320 0 13180 5 25 345
106400 13376 0 13224 5 25 345
106800 13437 0 13263 5 25 345
107200 13480 0 13320 5 25 345
107600 13527 0 13373 5 25 345
108000 13583 0 13417 5 25 345
108400 13629 0 13471 5 25 345
108800 13681 0 13519 5 25 345
109200 13715 0 13585 5 25 345
109600 13761 0 13639 5 25 345
110000 13815 0 13685 5 25 345
110400 13857 0 13743 5 25 345
110800 13916 0 13784 5 25 345
111200 13963 0 13837 5 25 345
111600 14011 0 13889 5 25 345
112000 14060 0 13940 5 25 345
112400 14110 0 13990 5 25 345
112800 14168 0 14032 5 25 345
113200 14222 0 14078 5 25 345
113600 14270 0 14130 5 25 345
114000 14318 0 14182 5 25 345
114400 14361 0 14239 5 25 345
114800 14412 0 14288 5 25 345
115200 14471 0 14329 5 25 345
115600 14523 0 14377 5 25 345
116000 14567 0 14433 5 25 345
116400 14620 0 14480 5 25 345
116800 14677 0 14523 5 25 345
117200 14727 0 14573 5 25 345
117600 14777 0 14623 5 25 345
118000 14826 0 14674 5 25 345
118400 14874 0 14726 5 25 345
118800 14920 0 14780 5 25 345
119200 14972 0 14828 5 25 345
119600 15018 0 14882 5 25 345
120000 15076 0 14924 5 25 345
120400 15127 0 14973 5 25 345
120800 15167 0 15033 5 25 345
121200 15213 0 15087 5 25 345
121600 15261 0 15139 5 25 345
122000 15319 0 15181 5 25 345
122400 15370 0 15230 5 25 345
122800 15420 0 15280 5 25 345
123200 15464 0 15336 5 25 345
123600 15508 0 15392 5 25 345
124000 15553 0 15447 5 25 345
124400 15604 0 15496 5 25 345
124800 15656 0 15544 5 25 345
125200 15704 0 15596 5 25 345
125600 15757 0 15643 5 25 345
126000 15804 0 15696 5 25 345
126400 15858 0 15742 5 25 345
126800 15915 0 15785 5 25 345
127200 15957 0 15843 5 25 345
127600 16008 0 15892 5 25 345
128000 16058 0 15942 5 25 345
128400 16115 0 15985 5 25 345
128800 16156 0 16044 5 25 345
129200 16209 0 16091 5 25 345
129600 16262 0 16138 5 25 345
130000 16305 0 16195 5 25 345
130400 16357 0 16243 5 25 345
130800 16409 0 16291 5 25 345
131200 16464 0 16336 5 25 345
131600 16510 0 16390 5 25 345
132000 16565 0 16435 5 25 345
132400 16615 0 16485 5 25 345
132800 16665 0 16535 5 25 345
133200 16710 0 16590 5 25 345
133600 16761 0 16639 5 25 345
134000 16801 0 16699 5 25 345
134400 16853 0 16747 5 25 345
134800 16905 0 16795 5 25 345
135200 16960 0 16840 5 25 345
135600 17011 0 16889 5 25 345
136000 17060 0 16940 5 25 345
136400 17110 0 16990 5 25 345
136800 17157 0 17043 5 25 345
137200 17212 0 17088 5 25 345
137600 17268 0 17132 5 25 345
138000 17325 0 17175 5 25 345
138400 17380 0 17220 6 24 344
138800 17420 0 17280 6 24 344
139200 17474 0 17326 6 24 344
139600 17524 0 17376 6 24 344
140000 17577 0 17423 6 24 344
140400 17625 0 17475 6 24 344
140800 17671 0 17529 6 24 344
141200 17721 0 17579 6 24 344
141600 17764 0 17636 6 24 344
142000 17814 0 17686 6 24 344
142400 17866 0 17734 6 24 344
142800 17909 0 17791 6 24 344
143200 17962 0 17838 6 24 344
143600 18016 0 17884 6 24 344
144000 18067 0 17933 6 24 344
144400 18122 0 17978 6 24 344
144800 18162 0 18038 6 24 344
145200 18209 0 18091 6 24 344
145600 18259 0 18141 6 24 344
146000 18301 0 18199 6 24 344
146400 18352 0 18248 6 24 344
146800 18402 0 18298 6 24 344
147200 18454 0 18346 6 24 344
147600 18499 0 18401 6 24 344
148000 18553 0 18447 6 24 344
148400 18603 0 18497 6 24 344
148800 18647 0 18553 6 24 344
149200 18700 0 18600 6 24 344
149600 18755 0 18645 6 24 344
150000 18802 0 18698 6 24 344
150400 18863 0 18737 6 24 344
150800 18911 0 18789 6 24 344
151200 18957 0 18843 6 24 344
151600 18998 0 18902 6 24 344
152000 19050 0 18950 6 24 344
152400 19107 0 18993 6 24 344
152800 19155 0 19045 6 24 344
153200 19208 0 19092 6 24 344
153600 19268 0 19132 6 24 344
154000 19328 1 19172 7 24 344
154400 19377 1 19223 7 24 344
154800 19418 1 19282 7 24 344
155200 19467 1 19333 7 24 344
155600 19511 1 19389 7 24 344
156000 19562 1 19438 7 24 344
156400 19615 1 19485 7 24 344
156800 19663 1 19537 7 24 344
157200 19715 1 19585 7 24 344
157600 19767 1 19633 7 24 344
158000 19815 1 19685 7 24 344
158400 19866 1 19734 7 24 344
158800 19917 1 19783 7 24 344
159200 19971 1 19829 7 24 344
159600 20030 1 19870 7 24 344
160000 20081 1 19919 7 24 344
160400 20130 1 19970 7 24 344
160800 20176 1 20024 7 24 344
161200 20225 1 20075 7 24 344
161600 20271 1 20129 7 24 344
162000 20318 1 20182 7 24 344
162400 20368 1 20232 7 24 344
162800 20426 1 20274 7 24 344
163200 20471 1 20329 7 24 344
163600 20516 1 20384 7 24 344
164000 20570 1 20430 7 24 344
164400 20622 1 20478 7 24 344
164800 20679 1 20521 7 24 344
165200 20722 1 20578 7 24 344
165600 20771 1 20629 7 24 344
166000 20822 1 20678 7 24 344
166400 20873 1 20727 7 24 344
166800 20925 1 20775 7 24 344
167200 20976 1 20824 8 23 343
167600 21024 1 20876 8 23 343
168000 21070 1 20930 8 23 343
168400 21119 1 20981 8 23 343
168800 21169 1 21031 8 23 343
169200 21214 1 21086 8 23 343
169600 21265 1 21135 8 23 343
170000 21323 1 21177 8 23 343
170400 21383 1 21217 8 23 343
170800 21441 1 21259 8 23 343
171200 21490 1 21310 8 23 343
171600 21532 1 21368 8 23 343
172000 21581 1 21419 8 23 343
172400 21631 1 21469 8 23 343
172800 21683 1 21517 8 23 343
173200 21734 1 21566 8 23 343
173600 21788 1 21612 8 23 343
174000 21834 1 21666 8 23 343
174400 21882 1 21718 8 23 343
174800 21925 1 21775 8 23 343
175200 21986 1 21814 8 23 343
175600 22039 1 21861 8 23 343
176000 22088 1 21912 8 23 343
176400 22143 1 21957 8 23 343
176800 22195 1 22005 8 23 343
177200 22247 1 22053 8 23 343
177600 22302 1 22098 8 23 343
178000 22355 2 22145 9 23 343
178400 22404 2 22196 9 23 343
178800 22467 2 22233 9 23 343
179200 22521 2 22279 9 23 343
179600 22571 2 22329 9 23 343
180000 22626 2 22374 9 23 343
180400 22676 2 22424 9 23 343
180800 22719 2 22481 9 23 343
181200 22773 2 22527 9 23 343
181600 22826 2 22574 9 23 343
182000 22868 2 22632 9 23 343
182400 22919 2 22681 9 23 343
182800 22961 2 22739 9 23 343
183200 23018 2 22782 9 23 343
183600 23070 2 22830 9 23 343
184000 23122 2 22878 9 23 343
184400 23169 2 22931 9 23 343
184800 23226 2 22974 9 23 343
185200 23289 2 23011 9 23 343
185600 23339 2 23061 9 23 343
186000 23387 2 23113 9 23 343
186400 23443 2 23157 9 23 343
186800 23493 2 23207 9 23 343
187200 23541 2 23259 9 23 343
187600 23586 2 23314 9 23 343
188000 23634 2 23366 9 23 343
188400 23683 2 23417 9 23 343
188800 23727 2 23473 9 23 343
189200 23779 2 23521 9 23 343
189600 23832 2 23568 9 23 343
190000 23884 2 23616 9 23 343
190400 23930 2 23670 9 23 343
190800 23971 2 23729 9 23 343
191200 24013 2 23787 9 23 343
191600 24057 2 23843 9 23 343
192000 24103 2 23897 9 23 343
192400 24154 2 23946 9 23 343
192800 24201 2 23999 9 23 343
193200 24249 2 24051 9 23 343
193600 24287 2 24113 9 23 343
194000 24337 2 24163 9 23 343
194400 24385 2 24215 9 23 343
194800 24433 2 24267 9 23 343
195200 24492 2 24308 9 23 343
195600 24546 2 24354 9 23 343
196000 24592 2 24408 9 23 343
196400 24642 2 24458 9 23 343
196800 24699 2 24501 9 23 343
197200 24747 2 24553 9 23 343
197600 24801 2 24599 9 23 343
198000 24852 2 24648 9 23 343
198400 24893 2 24707 9 23 343
198800 24943 2 24757 9 23 343
199200 24989 2 24811 9 23 343
199600 25034 2 24866 9 23 343
200000 25082 2 24918 9 23 343
200400 25130 2 24970 9 23 343
200800 25185 2 25015 9 23 343
201200 25226 2 25074 9 23 343
201600 25272 2 25128 9 23 343
202000 25319 2 25181 9 23 343
202400 25380 2 25220 9 23 343
202800 25430 2 25270 9 23 343
203200 25483 2 25317 9 23 343
203600 25530 2 25370 9 23 343
204000 25579 2 25421 9 23 343
204400 25629 2 25471 9 23 343
204800 25690 2 25510 9 23 343
205200 25740 2 25560 9 23 343
205600 25792 2 25608 9 23 343
206000 25843 2 25657 9 23 343
206400 25890 2 25710 10 22 342
206800 25937 2 25763 10 22 342
207200 25993 2 25807 10 22 342
207600 26051 2 25849 10 22 342
208000 26099 2 25901 10 22 342
208400 26153 2 25947 10 22 342
208800 26197 2 26003 10 22 342
209200 26248 2 26052 10 22 342
209600 26292 2 26108 10 22 342
210000 26351 2 26149 10 22 342
210400 26412 2 26188 10 22 342
210800 26459 2 26241 10 22 342
211200 26496 2 26304 10 22 342
211600 26557 2 26343 10 22 342
212000 26607 2 26393 10 22 342
212400 26655 2 26445 10 22 342
212800 26707 2 26493 10 22 342
213200 26753 2 26547 10 22 342
213600 26812 2 26588 10 22 342
214000 26864 2 26636 10 22 342
214400 26913 2 26687 10 22 342
214800 26967 2 26733 10 22 342
215200 27024 2 26776 10 22 342
215600 27083 2 26817 10 22 342
216000 27132 2 26868 10 22 342
216400 27190 2 26910 10 22 342
216800 27234 2 26966 10 22 342
217200 27291 2 27009 10 22 342
217600 27344 2 27056 10 22 342
218000 27388 2 27112 10 22 342
218400 27436 2 27164 10 22 342
218800 27480 2 27220 10 22 342
219200 27536 2 27264 10 22 342
219600 27583 2 27317 10 22 342
220000 27633 2 27367 10 22 342
220400 27688 2 27412 10 22 342
220800 27742 2 27458 10 22 342
221200 27788 2 27512 10 22 342
221600 27842 2 27558 10 22 342
222000 27895 2 27605 10 22 342
222400 27947 2 27653 10 22 342
222800 27994 2 27706 10 22 342
223200 28045 2 27755 10 22 342
223600 28086 2 27814 10 22 342
224000 28135 2 27865 10 22 342
224400 28190 2 27910 10 22 342
224800 28237 2 27963 10 22 342
225200 28280 2 28020 10 22 342
225600 28325 2 28075 10 22 342
226000 28387 2 28113 10 22 342
226400 28437 2 28163 10 22 342
226800 28494 2 28206 10 22 342
227200 28548 2 28252 10 22 342
227600 28599 2 28301 10 22 342
228000 28647 2 28353 10 22 342
228400 28692 2 28408 10 22 342
228800 28748 2 28452 10 22 342
229200 28806 2 28494 10 22 342
229600 28852 2 28548 10 22 342
230000 28900 2 28600 10 22 342
230400 28946 2 28654 10 22 342
230800 28995 2 28705 10 22 342
231200 29041 2 28759 10 22 342
231600 29089 2 28811 10 22 342
232000 29142 2 28858 10 22 342
232400 29193 2 28907 11 21 341
232800 29245 2 28955 11 21 341
233200 29294 2 29006 11 21 341
233600 29337 2 29063 11 21 341
234000 29387 2 29113 11 21 341
234400 29444 2 29156 11 21 341
234800 29502 2 29198 11 21 341
235200 29551 2 29249 11 21 341
235600 29604 2 29296 11 21 341
236000 29656 2 29344 11 21 341
236400 29703 2 29397 11 21 341
236800 29757 2 29443 11 21 341
237200 29814 2 29486 11 21 341
237600 29861 2 29539 11 21 341
238000 29903 2 29597 11 21 341
238400 29943 2 29657 11 21 341
238800 29991 2 29709 11 21 341
239200 30050 2 29750 11 21 341
239600 30105 2 29795 11 21 341
240000 30149 2 29851 11 21 341
240400 30198 2 29902 11 21 341
240800 30249 2 29951 11 21 341
241200 30302 2 29998 11 21 341
241600 30356 2 30044 11 21 341
242000 30405 2 30095 11 21 341
242400 30453 2 30147 11 21 341
242800 30495 2 30205 11 21 341
243200 30536 2 30264 12 20 340
243600 30588 2 30312 12 20 340
244000 30637 2 30363 12 20 340
244400 30693 2 30407 12 20 340
244800 30745 2 30455 12 20 340
245200 30795 2 30505 12 20 340
245600 30846 2 30554 12 20 340
246000 30892 2 30608 12 20 340
246400 30945 2 30655 12 20 340
246800 30996 2 30704 12 20 340
247200 31040 2 30760 12 20 340
247600 31087 2 30813 12 20 340
248000 31137 2 30863 12 20 340
248400 31180 2 30920 12 20 340
248800 31226 2 30974 12 20 340
249200 31270 2 31030 12 20 340
249600 31315 2 31085 12 20 340
250000 31360 2 31140 12 20 340
250400 31411 2 31189 12 20 340
250800 31465 2 31235 12 20 340
251200 31511 2 31289 12 20 340
251600 31560 2 31340 12 20 340
252000 31615 2 31385 12 20 340
252400 31665 2 31435 12 20 340
252800 31715 2 31485 12 20 340
253200 31769 2 31531 12 20 340
253600 31819 2 31581 12 20 340
254000 31867 2 31633 12 20 340
254400 31913 2 31687 12 20 340
254800 31949 2 31751 12 20 340
255200 32001 2 31799 12 20 340
255600 32051 2 31849 12 20 340
256000 32093 2 31907 12 20 340
256400 32147 2 31953 12 20 340
256800 32199 2 32001 12 20 340
257200 32248 2 32052 12 20 340
257600 32298 2 32102 12 20 340
258000 32353 2 32147 12 20 340
258400 32398 2 32202 12 20 340
258800 32438 2 32262 12 20 340
259200 32492 2 32308 12 20 340
259600 32537 2 32363 12 20 340
260000 32585 2 32415 12 20 340
260400 32629 2 32471 12 20 339
260800 32674 2 32526 12 20 339
261200 32714 2 32586 12 20 339
261600 32769 2 32631 12 20 339
262000 32821 2 32679 12 20 339
262400 32868 2 32732 12 20 339
262800 32918 2 32782 12 20 339
263200 32961 2 32839 12 20 339
263600 33016 2 32884 12 20 339
264000 33068 2 32932 12 20 339
264400 33126 2 32974 12 20 339
264800 33180 2 33020 12 20 339
265200 33232 2 33068 12 20 339
265600 33286 2 33114 12 20 339
266000 33331 2 33169 12 20 339
266400 33381 2 33219 12 20 339
266800 33433 2 33267 12 20 339
267200 33486 2 33314 12 20 339
267600 33541 2 33359 12 20 339
268000 33590 2 33410 12 20 339
268400 33646 2 33454 12 20 339
268800 33712 2 33488 12 20 339
269200 33770 2 33530 12 20 339
269600 33820 2 33580 12 20 339
270000 33864 2 33636 12 20 339
270400 33914 2 33686 12 20 339
270800 33964 2 33736 12 20 339
271200 34007 2 33793 12 20 339
271600 34064 2 33836 12 20 339
272000 34112 2 33888 12 20 339
272400 34167 2 33933 12 20 339
272800 34228 2 33972 12 20 339
273200 34287 2 34013 12 20 339
273600 34330 2 34070 12 20 339
274000 34383 2 34117 12 20 339
274400 34421 2 34179 12 20 339
274800 34479 2 34221 12 20 339
275200 34529 2 34271 12 20 339
275600 34592 2 34308 12 20 339
276000 34650 2 34350 12 20 339
276400 34697 2 34403 12 20 339
276800 34755 2 34445 12 20 339
277200 34812 2 34488 12 20 339
277600 34865 2 34535 12 20 339
278000 34912 2 34588 12 20 339
278400 34964 2 34636 12 20 339
278800 35014 2 34686 12 20 339
279200 35062 2 34738 12 20 339
279600 35118 2 34782 12 20 339
280000 35171 2 34829 12 20 339
280400 35225 2 34875 12 20 339
280800 35269 2 34931 12 20 339
281200 35321 2 34979 12 20 339
281600 35368 2 35032 12 20 339
282000 35416 2 35084 12 20 339
282400 35473 2 35127 12 20 339
282800 35524 2 35176 12 20 339
283200 35581 2 35219 12 20 339
283600 35634 2 35266 12 20 339
284000 35684 2 35316 12 20 339
284400 35740 2 35360 12 20 339
284800 35788 2 35412 12 20 339
285200 35841 2 35459 12 20 339
285600 35888 2 35512 12 20 339
286000 35942 2 35558 12 20 339
286400 35993 2 35607 12 20 339
286800 36048 2 35652 12 20 339
287200 36096 2 35704 12 20 339
287600 36144 2 35756 12 20 339
288000 36198 2 35802 12 20 339
288400 36247 2 35853 12 20 339
288800 36307 2 35893 12 20 339
289200 36350 2 35950 12 20 339
289600 36398 2 36002 12 20 339
290000 36456 2 36044 12 20 339
290400 36509 2 36091 12 20 339
290800 36573 2 36127 12 20 339
291200 36623 2 36177 12 20 339
291600 36664 2 36236 12 20 339
292000 36721 2 36279 12 20 339
292400 36766 2 36334 12 20 339
292800 36809 2 36391 12 20 339
293200 36869 2 36431 12 20 339
293600 36913 2 36487 12 20 339
294000 36963 2 36537 12 20 339
294400 37023 2 36577 12 20 339
294800 37078 2 36622 12 20 339
295200 37116 2 36684 12 20 339
295600 37168 2 36732 12 20 339
296000 37221 2 36779 12 20 339
296400 37266 2 36834 12 20 339
296800 37323 2 36877 12 20 339
297200 37376 2 36924 12 20 339
297600 37420 2 36980 12 20 339
298000 37466 2 37034 12 20 339
298400 37510 2 37090 12 20 339
298800 37565 2 37135 12 20 339
299200 37618 2 37182 12 20 339
299600 37670 2 37230 12 20 339
300000 37714 2 37286 12 20 339
300400 37768 2 37332 12 20 339
300800 37826 2 37374 12 20 339
301200 37872 2 37428 12 20 339
301600 37922 2 37478 12 20 339
302000 37975 2 37525 12 20 339
302400 38019 2 37581 12 20 339
302800 38072 2 37628 12 20 339
303200 38117 2 37683 12 20 339
303600 38168 2 37732 12 20 339
304000 38217 2 37783 12 20 339
304400 38262 2 37838 12 20 339
304800 38316 2 37884 12 20 339
305200 38368 2 37932 12 20 339
305600 38421 2 37979 12 20 339
306000 38466 2 38034 12 20 339
306400 38522 2 38078 12 20 339
306800 38572 2 38128 12 20 339
307200 38625 2 38175 12 20 339
307600 38668 2 38232 12 20 339
308000 38723 2 38277 12 20 339
308400 38779 2 38321 12 20 339
308800 38830 2 38370 12 20 339
309200 38876 2 38424 12 20 339
309600 38927 2 38473 12 20 339
310000 38972 2 38528 12 20 339
310400 39022 2 38578 12 20 339
310800 39069 2 38631 12 20 339
311200 39110 2 38690 12 20 339
311600 39164 2 38736 12 20 339
312000 39213 2 38787 12 20 339
312400 39254 2 38846 12 20 339
312800 39303 2 38897 12 20 339
313200 39355 2 38945 12 20 339
313600 39412 2 38988 12 20 339
314000 39463 2 39037 12 20 339
314400 39502 2 39098 12 20 339
314800 39552 2 39148 13 19 338
315200 39606 2 39194 13 19 338
315600 39649 2 39251 14 18 337
316000 39699 2 39301 14 18 337
316400 39740 2 39360 14 18 337
316800 39790 2 39410 14 18 337
317200 39841 2 39459 14 18 337
317600 39892 2 39508 14 18 337
318000 39943 3 39557 14 19 338
318400 39989 3 39611 14 19 338
318800 40031 3 39669 14 19 338
319200 40080 3 39720 14 19 338
319600 40127 3 39773 14 19 338
320000 40171 3 39829 14 19 338
320400 40228 3 39872 14 19 338
320800 40278 3 39922 14 19 338
321200 40326 3 39974 14 19 338
321600 40379 3 40021 14 19 338
322000 40423 3 40077 14 19 338
322400 40471 3 40129 14 19 338
322800 40527 3 40173 14 19 338
323200 40581 3 40219 14 19 338
323600 40633 3 40267 14 19 338
324000 40684 3 40316 14 19 338
324400 40725 3 40375 14 19 338
324800 40785 3 40415 14 19 338
325200 40827 3 40473 14 19 338
325600 40874 3 40526 14 19 338
326000 40924 3 40576 14 19 338
326400 40973 3 40627 14 19 338
326800 41025 3 40675 14 19 338
327200 41079 3 40721 14 19 338
327600 41130 3 40770 14 19 338
328000 41179 3 40821 14 19 338
328400 41230 3 40870 14 19 338
328800 41279 3 40921 14 19 338
329200 41326 3 40974 14 19 338
329600 41376 3 41024 14 19 338
330000 41438 3 41062 14 19 338
330400 41485 3 41115 14 19 338
330800 41543 3 41157 14 19 338
331200 41587 3 41213 14 19 338
331600 41635 3 41265 14 19 338
332000 41680 3 41320 14 19 338
332400 41722 3 41378 14 19 338
332800 41767 3 41433 14 19 338
333200 41824 3 41476 14 19 338
333600 41877 3 41523 14 19 338
334000 41928 3 41572 14 19 338
334400 41975 3 41625 14 19 338
334800 42030 3 41670 14 19 338
335200 42084 3 41716 14 19 338
335600 42133 3 41767 14 19 338
336000 42186 3 41814 14 19 338
336400 42237 3 41863 14 19 338
336800 42281 3 41919 14 19 338
337200 42343 3 41957 14 19 338
337600 42399 3 42001 14 19 338
338000 42458 3 42042 14 19 338
338400 42513 3 42087 14 19 338
338800 42559 3 42141 14 19 338
339200 42610 3 42190 14 19 338
339600 42662 3 42238 14 19 338
340000 42707 3 42293 14 19 338
340400 42753 3 42347 14 19 338
340800 42795 3 42405 14 19 338
341200 42841 3 42459 14 19 338
341600 42884 3 42516 14 19 338
342000 42938 3 42562 14 19 338
342400 42988 3 42612 14 19 338
342800 43047 3 42653 14 19 338
343200 43088 3 42712 14 19 338
343600 43136 3 42764 14 19 338
344000 43182 3 42818 14 19 338
344400 43231 3 42869 14 19 338
344800 43284 3 42916 14 19 338
345200 43333 3 42967 14 19 338
345600 43381 3 43019 14 19 338
346000 43429 3 43071 14 19 338
346400 43479 3 43121 14 19 338
346800 43529 3 43171 14 19 338
347200 43579 3 43221 14 19 338
347600 43620 3 43280 14 19 338
348000 43663 3 43337 14 19 338
348400 43707 3 43393 14 19 338
348800 43762 3 43438 14 19 338
349200 43809 3 43491 14 19 338
349600 43856 3 43544 14 19 338
350000 43900 3 43600 14 19 338
350400 43952 3 43648 14 19 338
350800 44005 3 43695 14 19 338
351200 44053 3 43747 14 19 338
351600 44108 3 43792 14 19 338
352000 44155 3 43845 14 19 338
352400 44207 3 43893 14 19 338
352800 44258 3 43942 14 19 338
353200 44308 3 43992 15 18 337
353600 44358 3 44042 15 18 337
354000 44401 3 44099 15 18 337
354400 44450 3 44150 15 18 337
354800 44492 3 44208 15 18 337
355200 44536 3 44264 15 18 337
355600 44579 3 44321 15 18 337
356000 44630 3 44370 15 18 337
356400 44688 3 44412 15 18 337
356800 44732 3 44468 15 18 337
357200 44778 3 44522 15 18 337
357600 44833 3 44567 15 18 337
358000 44886 3 44614 15 18 337
358400 44939 3 44661 15 18 337
358800 44987 3 44713 15 18 337
359200 45038 3 44762 15 18 337
359600 45079 3 44821 15 18 337
360000 45133 3 44867 15 18 337
360400 45190 3 44910 15 18 337
360800 45245 3 44955 15 18 337
361200 45295 3 45005 15 18 337
361600 45341 3 45059 15 18 337
362000 45386 3 45114 15 18 337
362400 45435 3 45165 15 18 337
362800 45485 3 45215 15 18 337
363200 45544 3 45256 15 18 337
363600 45597 3 45303 15 18 337
364000 45645 4 45355 16 18 337
364400 45689 4 45411 16 18 337
364800 45733 4 45467 16 18 337
365200 45787 4 45513 16 18 337
365600 45834 4 45566 16 18 337
366000 45884 4 45616 16 18 337
366400 45940 4 45660 16 18 337
366800 45989 4 45711 16 18 337
367200 46034 4 45766 16 18 337
367600 46088 4 45812 16 18 337
368000 46137 4 45863 17 17 336
368400 46185 4 45915 17 17 336
368800 46232 4 45968 17 17 336
369200 46283 4 46017 17 17 336
369600 46336 4 46064 17 17 336
370000 46388 4 46112 17 17 336
370400 46431 4 46169 17 17 336
370800 46482 4 46218 17 17 336
371200 46532 4 46268 17 17 336
371600 46577 4 46323 17 17 336
372000 46630 4 46370 17 17 336
372400 46690 4 46410 17 17 336
372800 46737 4 46463 17 17 336
373200 46791 4 46509 17 17 336
373600 46836 4 46564 17 17 336
374000 46887 4 46613 17 17 336
374400 46936 4 46664 17 17 336
374800 46988 4 46712 17 17 336
375200 47044 4 46756 17 17 336
375600 47094 4 46806 17 17 336
376000 47146 4 46854 17 17 336
376400 47196 4 46904 17 17 336
376800 47254 4 46946 17 17 336
377200 47300 4 47000 17 17 336
377600 47352 4 47048 17 17 336
378000 47403 4 47097 17 17 335
378400 47459 4 47141 17 17 335
378800 47500 4 47200 17 17 335
379200 47550 4 47250 17 17 335
379600 47598 4 47302 17 17 335
380000 47648 4 47352 17 17 335
380400 47690 4 47410 17 17 335
380800 47739 4 47461 17 17 335
381200 47789 4 47511 17 17 335
381600 47838 4 47562 17 17 335
382000 47877 4 47623 17 17 335
382400 47922 4 47678 17 17 335
382800 47963 4 47737 17 17 335
383200 48008 4 47792 17 17 335
383600 48053 4 47847 17 17 335
384000 48102 4 47898 17 17 335
384400 48158 4 47942 17 17 335
384800 48216 4 47984 17 17 335
385200 48275 4 48025 17 17 335
385600 48324 4 48076 17 17 335
386000 48376 4 48124 17 17 335
386400 48426 4 48174 17 17 335
386800 48472 4 48228 17 17 335
387200 48522 4 48278 17 17 335
387600 48576 4 48324 17 17 335
388000 48635 4 48365 17 17 335
388400 48682 4 48418 17 17 335
388800 48733 4 48467 17 17 335
389200 48779 4 48521 17 17 335
389600 48834 4 48566 17 17 335
390000 48886 4 48614 17 17 335
390400 48936 4 48664 17 17 335
390800 48986 4 48714 17 17 335
391200 49034 4 48766 17 17 335
391600 49081 4 48819 17 17 335
392000 49133 4 48867 17 17 335
392400 49185 4 48915 17 17 335
392800 49235 4 48965 17 17 335
393200 49288 4 49012 17 17 335
393600 49339 4 49061 17 17 335
394000 49394 4 49106 17 17 335
394400 49446 4 49154 17 17 335
394800 49490 4 49210 17 17 335
395200 49542 4 49258 17 17 335
395600 49600 4 49300 17 17 335
396000 49650 4 49350 17 17 335
396400 49709 4 49391 17 17 335
396800 49757 4 49443 17 17 335
397200 49805 4 49495 17 17 335
397600 49861 4 49539 17 17 335
398000 49910 4 49590 17 17 335
398400 49957 4 49643 17 17 335
398800 50007 4 49693 17 17 335
399200 50055 4 49745 17 17 335
399600 50104 4 49796 17 17 335
400000 50152 4 49848 17 17 335
400400 50201 4 49899 17 17 335
400800 50247 4 49953 17 17 335
401200 50299 4 50001 17 17 335
401600 50352 4 50048 17 17 335
402000 50406 4 50094 17 17 335
402400 50450 4 50150 17 17 335
402800 50494 4 50206 17 17 335
403200 50545 4 50255 17 17 335
403600 50597 4 50303 17 17 335
404000 50640 4 50360 17 17 335
404400 50682 4 50418 17 17 335
404800 50738 4 50462 17 17 335
405200 50790 4 50510 17 17 335
405600 50836 4 50564 17 17 335
406000 50896 4 50604 17 17 335
406400 50949 4 50651 17 17 335
406800 51003 4 50697 17 17 335
407200 51057 4 50743 17 17 335
407600 51101 4 50799 17 17 335
408000 51148 4 50852 17 17 335
408400 51197 4 50903 17 17 335
408800 51256 4 50944 17 17 335
409200 51300 4 51000 17 17 335
409600 51347 4 51053 17 17 335
410000 51400 4 51100 17 17 335
410400 51449 4 51151 17 17 335
410800 51499 4 51201 17 17 335
411200 51544 4 51256 17 17 335
411600 51588 4 51312 17 17 335
412000 51636 4 51364 17 17 335
412400 51691 4 51409 17 17 335
412800 51737 4 51463 17 17 335
413200 51797 4 51503 17 17 335
413600 51851 4 51549 17 17 335
414000 51908 4 51592 17 17 335
414400 51958 4 51642 17 17 335
414800 52013 4 51687 17 17 335
415200 52063 4 51737 17 17 335
415600 52114 4 51786 17 17 335
416000 52167 4 51833 17 17 335
416400 52213 4 51887 17 17 335
416800 52262 4 51938 17 17 335
417200 52301 4 51999 17 17 335
417600 52349 4 52051 17 17 335
418000 52398 4 52102 17 17 335
418400 52455 4 52145 17 17 335
418800 52500 4 52200 17 17 335
419200 52544 4 52256 17 17 335
419600 52593 4 52307 17 17 335
420000 52633 4 52367 17 17 335
420400 52685 4 52415 17 17 335
420800 52728 4 52472 17 17 335
421200 52766 4 52534 17 17 335
421600 52826 4 52574 17 17 335
422000 52882 4 52618 17 17 335
422400 52929 4 52671 17 17 335
422800 52974 4 52726 17 17 335
423200 53028 4 52772 17 17 335
423600 53081 4 52819 17 17 335
424000 53138 4 52862 17 17 335
424400 53190 4 52910 17 17 335
424800 53241 4 52959 17 17 335
425200 53291 4 53009 17 17 335
425600 53353 4 53047 17 17 335
426000 53409 4 53091 17 17 335
426400 53452 4 53148 17 17 335
426800 53509 4 53191 17 17 335
427200 53551 4 53249 17 17 335
427600 53605 4 53295 17 17 335
428000 53658 4 53342 17 17 335
428400 53712 4 53388 17 17 335
428800 53770 4 53430 17 17 335
429200 53819 4 53481 17 17 335
429600 53867 4 53533 17 17 335
430000 53918 4 53582 17 17 335
430400 53971 4 53629 17 17 335
430800 54023 4 53677 17 17 335
431200 54072 4 53728 17 17 335
431600 54119 4 53781 17 17 335
432000 54172 4 53828 17 17 335
432400 54220 4 53880 17 17 335
432800 54277 4 53923 17 17 335
433200 54331 4 53969 17 17 335
433600 54383 4 54017 17 17 335
434000 54425 4 54075 17 17 335
434400 54473 4 54127 17 17 335
434800 54527 4 54173 17 17 335
435200 54576 4 54224 17 17 335
435600 54628 4 54272 17 17 335
436000 54680 5 54320 17 18 336
436400 54731 5 54369 17 18 336
436800 54780 5 54420 17 18 336
437200 54831 5 54469 17 18 336
437600 54879 5 54521 17 18 336
438000 54929 5 54571 17 18 336
438400 54976 5 54624 17 18 336
438800 55026 5 54674 17 18 336
439200 55077 5 54723 17 18 336
439600 55128 5 54772 17 18 336
440000 55171 5 54829 17 18 336
440400 55222 5 54878 17 18 336
440800 55268 5 54932 17 18 336
441200 55320 5 54980 17 18 336
441600 55372 5 55028 17 18 336
442000 55425 5 55075 17 18 336
442400 55479 5 55121 17 18 336
442800 55527 5 55173 17 18 336
443200 55574 5 55226 17 18 336
443600 55623 5 55277 17 18 336
444000 55666 5 55334 17 18 336
444400 55713 5 55387 17 18 336
444800 55763 5 55437 17 18 336
445200 55812 5 55488 17 18 336
445600 55869 5 55531 17 18 336
446000 55915 5 55585 17 18 336
446400 55957 5 55643 17 18 336
446800 56011 5 55689 17 18 336
447200 56059 5 55741 17 18 336
447600 56106 5 55794 17 18 336
448000 56151 5 55849 17 18 336
448400 56203 5 55897 17 18 336
448800 56254 5 55946 17 18 336
449200 56315 5 55985 17 18 336
449600 56367 5 56033 17 18 336
450000 56419 5 56081 17 18 336
450400 56466 5 56134 17 18 336
450800 56513 5 56187 17 18 336
451200 56556 5 56244 17 18 336
451600 56605 5 56295 17 18 336
452000 56645 5 56355 17 18 336
452400 56691 5 56409 17 18 336
452800 56740 5 56460 17 18 336
453200 56786 5 56514 17 18 336
453600 56834 5 56566 17 18 336
454000 56885 5 56615 17 18 336
454400 56935 5 56665 17 18 336
454800 56992 5 56708 17 18 336
455200 57034 5 56766 17 18 336
455600 57083 5 56817 17 18 336
456000 57141 5 56859 17 18 336
456400 57192 5 56908 17 18 336
456800 57253 5 56947 17 18 336
457200 57294 5 57006 17 18 336
457600 57352 5 57048 17 18 336
458000 57404 5 57096 17 18 336
458400 57454 5 57146 17 18 336
458800 57507 5 57193 17 18 336
459200 57549 5 57251 17 18 336
459600 57600 5 57300 17 18 336
460000 57652 5 57348 17 18 336
460400 57701 5 57399 17 18 336
460800 57749 5 57451 17 18 336
461200 57802 5 57498 17 18 336
461600 57851 5 57549 17 18 336
462000 57910 5 57590 17 18 336
462400 57961 5 57639 17 18 336
462800 58005 5 57695 17 18 336
463200 58055 5 57745 17 18 336
463600 58109 5 57791 17 18 336
464000 58156 5 57844 17 18 336
464400 58207 5 57893 17 18 336
464800 58252 5 57948 17 18 336
465200 58305 5 57995 17 18 336
465600 58356 5 58044 17 18 336
466000 58409 5 58091 17 18 336
466400 58464 5 58136 17 18 336
466800 58518 5 58182 17 18 336
467200 58573 5 58227 17 18 336
467600 58626 5 58274 17 18 336
468000 58671 5 58329 17 18 336
468400 58723 5 58377 17 18 336
468800 58779 5 58421 17 18 336
469200 58832 5 58468 17 18 336
469600 58884 5 58516 17 18 336
470000 58936 5 58564 17 18 336
470400 58991 5 58609 17 18 336
470800 59048 5 58652 17 18 336
471200 59091 5 58709 17 18 336
471600 59149 5 58751 17 18 336
472000 59193 5 58807 17 18 336
472400 59241 5 58859 17 18 336
472800 59293 5 58907 17 18 336
473200 59346 5 58954 17 18 336
473600 59396 5 59004 17 18 336
474000 59448 5 59052 17 18 336
474400 59493 5 59107 17 18 336
474800 59536 5 59164 17 18 336
475200 59583 5 59217 17 18 336
475600 59641 5 59259 17 18 336
476000 59690 5 59310 17 18 336
476400 59737 5 59363 17 18 336
476800 59780 6 59420 17 19 337
477200 59833 6 59467 17 19 337
477600 59884 6 59516 17 19 337
478000 59929 6 59571 17 19 337
478400 59981 6 59619 17 19 337
478800 60036 6 59664 17 19 337
479200 60097 6 59703 17 19 337
479600 60147 6 59753 17 19 337
480000 60208 6 59792 17 19 337
480400 60258 6 59842 17 19 337
480800 60302 6 59898 17 19 337
481200 60350 6 59950 17 19 337
481600 60408 6 59992 17 19 337
482000 60465 6 60035 17 19 337
482400 60516 6 60084 17 19 337
482800 60568 6 60132 17 19 337
483200 60616 6 60184 17 19 337
483600 60661 6 60239 17 19 337
484000 60713 6 60287 17 19 337
484400 60762 6 60338 17 19 337
484800 60807 6 60393 17 19 337
485200 60858 6 60442 17 19 337
485600 60899 6 60501 17 19 337
486000 60946 6 60554 17 19 337
486400 61001 6 60599 17 19 337
486800 61052 6 60648 17 19 337
487200 61096 6 60704 17 19 337
487600 61147 6 60753 17 19 337
488000 61200 6 60800 17 19 337
488400 61249 6 60851 17 19 337
488800 61297 6 60903 17 19 337
489200 61348 6 60952 17 19 337
489600 61399 6 61001 17 19 337
490000 61454 6 61046 17 19 337
490400 61505 6 61095 17 19 337
490800 61552 6 61148 17 19 337
491200 61602 6 61198 17 19 337
491600 61659 6 61241 17 19 337
492000 61714 6 61286 17 19 337
492400 61764 6 61336 17 19 337
492800 61814 6 61386 17 19 337
493200 61872 6 61428 17 19 337
493600 61919 6 61481 17 19 337
494000 61971 6 61529 17 19 337
494400 62027 6 61573 17 19 337
494800 62074 6 61626 17 19 337
495200 62120 6 61680 17 19 337
495600 62164 6 61736 17 19 337
496000 62215 6 61785 17 19 337
496400 62265 6 61835 17 19 337
496800 62313 6 61887 17 19 337
497200 62362 6 61938 17 19 337
497600 62405 6 61995 17 19 337
498000 62454 6 62046 17 19 337
498400 62511 6 62089 17 19 337
498800 62566 6 62134 17 19 337
499200 62619 6 62181 17 19 337
499600 62674 6 62226 17 19 337
500000 62713 6 62287 17 19 337
500400 62760 6 62340 17 19 337
500800 62810 6 62390 17 19 337
501200 62868 6 62432 17 19 337
501600 62916 6 62484 17 19 337
502000 62974 6 62526 17 19 337
502400 63029 6 62571 17 19 337
502800 63079 6 62621 17 19 337
503200 63124 6 62676 17 19 337
503600 63176 6 62724 17 19 337
504000 63237 6 62763 17 19 336
504400 63289 6 62811 17 19 336
504800 63327 6 62873 17 19 336
505200 63377 6 62923 17 19 336
505600 63435 6 62965 17 19 336
506000 63486 6 63014 17 19 336
506400 63541 6 63059 17 19 336
506800 63593 6 63107 17 19 336
507200 63642 6 63158 17 19 336
507600 63692 6 63208 17 19 336
508000 63742 6 63258 17 19 336
508400 63801 6 63299 17 19 336
508800 63846 6 63354 17 19 336
509200 63889 6 63411 17 19 336
509600 63940 6 63460 17 19 336
510000 63990 6 63510 17 19 336
510400 64040 6 63560 17 19 336
510800 64094 6 63606 17 19 336
511200 64146 6 63654 17 19 336
511600 64190 6 63710 17 19 336
512000 64235 6 63765 17 19 336
512400 64296 6 63804 17 19 336
512800 64353 6 63847 17 19 336
513200 64400 6 63900 17 19 336
513600 64443 6 63957 17 19 336
514000 64491 6 64009 17 19 336
514400 64550 6 64050 17 19 336
514800 64594 6 64106 17 19 336
515200 64642 6 64158 17 19 336
515600 64694 6 64206 17 19 336
516000 64740 6 64260 17 19 336
516400 64805 6 64295 17 19 336
516800 64855 6 64345 17 19 336
517200 64904 6 64396 17 19 336
517600 64953 6 64447 17 19 336
518000 65003 6 64497 17 19 336
518400 65056 6 64544 17 19 336
518800 65110 6 64590 17 19 336
519200 65168 6 64632 17 19 336
519600 65223 6 64677 17 19 336
520000 65264 6 64736 17 19 336
520400 65320 6 64780 17 19 336
520800 65363 6 64837 17 19 336
521200 65411 6 64889 17 19 336
521600 65459 6 64941 17 19 336
522000 65511 6 64989 17 19 336
522400 65565 6 65035 17 19 336
522800 65621 6 65079 17 19 336
523200 65676 6 65124 17 19 336
523600 65724 6 65176 17 19 336
524000 65779 6 65221 17 19 336
524400 65835 6 65265 17 19 336
524800 65884 6 65316 17 19 336
525200 65933 6 65367 17 19 336
525600 65979 6 65421 17 19 336
526000 66036 6 65464 17 19 336
526400 66082 6 65518 17 19 336
526800 66128 7 65572 18 19 336
527200 66179 7 65621 18 19 336
527600 66238 7 65662 18 19 336
528000 66287 7 65713 18 19 336
528400 66339 7 65761 18 19 336
528800 66382 7 65818 18 19 336
529200 66427 7 65873 18 19 336
529600 66470 7 65930 18 19 336
530000 66524 7 65976 18 19 336
530400 66576 7 66024 18 19 336
530800 66626 7 66074 18 19 336
531200 66661 7 66139 18 19 336
531600 66714 7 66186 18 19 336
532000 66769 7 66231 18 19 336
532400 66825 7 66275 18 19 336
532800 66871 7 66329 18 19 336
533200 66930 7 66370 18 19 336
533600 66973 7 66427 18 19 336
534000 67031 7 66469 18 19 336
534400 67083 7 66517 18 19 336
534800 67134 7 66566 18 19 336
535200 67180 7 66620 18 19 336
535600 67233 7 66667 18 19 336
536000 67292 7 66708 18 19 336
536400 67342 7 66758 18 19 336
536800 67393 7 66807 18 19 336
537200 67444 7 66856 18 19 336
537600 67491 7 66909 18 19 336
538000 67530 7 66970 18 19 336
538400 67578 7 67022 18 19 336
538800 67639 7 67061 18 19 336
539200 67696 7 67104 18 19 336
539600 67750 7 67150 18 19 336
540000 67794 7 67206 18 19 336
540400 67851 7 67249 18 19 336
540800 67902 7 67298 18 19 336
541200 67955 7 67345 18 19 336
541600 68005 7 67395 18 19 336
542000 68054 7 67446 18 19 336
542400 68099 7 67501 18 19 336
542800 68157 7 67543 18 19 336
543200 68212 7 67588 18 19 336
543600 68265 7 67635 18 19 336
544000 68308 7 67692 18 19 336
544400 68358 7 67742 18 19 336
544800 68416 7 67784 18 19 336
545200 68460 7 67840 18 19 336
545600 68515 7 67885 18 19 336
546000 68559 7 67941 18 19 336
546400 68617 7 67983 18 19 336
546800 68666 7 68034 18 19 336
547200 68716 7 68084 18 19 336
547600 68768 7 68132 18 19 336
548000 68823 7 68177 18 19 336
548400 68864 7 68236 18 19 336
548800 68912 7 68288 18 19 336
549200 68966 7 68334 18 19 336
549600 69018 7 68382 18 19 336
550000 69068 7 68432 18 19 336
550400 69110 7 68490 18 19 336
550800 69165 7 68535 18 19 336
551200 69214 7 68586 18 19 336
551600 69264 7 68636 18 19 336
552000 69315 7 68685 18 19 336
552400 69369 7 68731 18 19 336
552800 69421 7 68779 18 19 336
553200 69477 7 68823 18 19 336
553600 69527 7 68873 18 19 336
554000 69582 7 68918 18 19 336
554400 69640 7 68960 18 19 336
554800 69688 7 69012 18 19 336
555200 69736 7 69064 18 19 336
555600 69790 7 69110 18 19 336
556000 69833 7 69167 18 19 336
556400 69882 7 69218 18 19 336
556800 69936 7 69264 18 19 336
557200 69985 7 69315 18 19 336
557600 70038 7 69362 18 19 336
558000 70076 7 69424 18 19 336
558400 70123 7 69477 18 19 336
558800 70175 7 69525 18 19 336
559200 70224 7 69576 18 19 336
559600 70276 7 69624 18 19 336
560000 70330 7 69670 18 19 336
560400 70384 7 69716 18 19 336
560800 70431 7 69769 18 19 336
561200 70486 7 69814 18 19 336
561600 70532 7 69868 18 19 336
562000 70582 7 69918 18 19 336
562400 70636 7 69964 18 19 336
562800 70687 7 70013 18 19 336
563200 70739 7 70061 18 19 336
563600 70789 7 70111 18 19 336
564000 70840 7 70160 18 19 336
564400 70891 7 70209 18 19 336
564800 70939 7 70261 18 19 336
565200 70984 7 70316 18 19 336
565600 71033 7 70367 18 19 336
566000 71092 7 70408 18 19 336
566400 71138 7 70462 18 19 336
566800 71185 7 70515 18 19 336
567200 71242 7 70558 18 19 336
567600 71291 7 70609 18 19 336
568000 71328 7 70672 18 19 336
568400 71384 7 70716 18 19 336
568800 71438 7 70762 18 19 336
569200 71485 7 70815 18 19 336
569600 71530 7 70870 18 19 336
570000 71581 7 70919 18 19 336
570400 71642 7 70958 18 19 336
570800 71691 7 71009 18 19 336
571200 71743 7 71057 18 19 336
571600 71788 7 71112 18 19 336
572000 71840 7 71160 18 19 336
572400 71882 7 71218 18 19 336
572800 71935 7 71265 18 19 336
573200 71985 7 71315 18 19 336
573600 72043 7 71357 18 19 336
574000 72087 7 71413 18 19 336
574400 72137 7 71463 18 19 336
574800 72186 7 71514 18 19 336
575200 72237 7 71563 18 19 336
575600 72286 7 71614 18 19 336
576000 72330 7 71670 18 19 336
576400 72376 7 71724 18 19 336
576800 72434 7 71766 18 19 336
577200 72483 7 71817 18 19 336
577600 72532 7 71868 18 19 336
578000 72585 7 71915 18 19 336
578400 72636 7 71964 18 19 336
578800 72691 7 72009 18 19 336
579200 72743 7 72057 18 19 336
579600 72800 7 72100 18 19 336
580000 72859 7 72141 18 19 336
580400 72903 7 72197 18 19 336
580800 72955 7 72245 18 19 336
581200 72997 7 72303 18 19 336
581600 73048 7 72352 18 19 336
582000 73098 7 72402 18 19 336
582400 73150 7 72450 18 19 336
582800 73200 7 72500 18 19 336
583200 73255 7 72545 18 19 336
583600 73305 7 72595 18 19 336
584000 73357 7 72643 18 19 336
584400 73416 7 72684 18 19 336
584800 73467 7 72733 18 19 336
585200 73519 7 72781 18 19 336
585600 73572 7 72828 18 19 336
586000 73610 7 72890 18 19 336
586400 73662 7 72938 18 19 336
586800 73710 7 72990 18 19 336
587200 73765 7 73035 18 19 336
587600 73818 7 73082 18 19 336
588000 73872 7 73128 18 19 336
588400 73926 7 73174 18 19 336
588800 73977 7 73223 18 19 336
589200 74033 7 73267 18 19 336
589600 74075 7 73325 18 19 336
590000 74126 7 73374 18 19 336
590400 74179 7 73421 18 19 336
590800 74228 7 73472 18 19 336
591200 74281 7 73519 18 19 336
591600 74328 7 73572 18 19 336
592000 74373 7 73627 18 19 336
592400 74431 7 73669 18 19 336
592800 74477 7 73723 18 19 336
593200 74532 7 73768 18 19 336
593600 74579 7 73821 18 19 336
594000 74626 7 73874 18 19 336
594400 74682 7 73918 19 18 335
594800 74740 7 73960 19 18 335
595200 74779 7 74021 19 18 335
595600 74830 7 74070 19 18 335
596000 74883 7 74117 19 18 335
596400 74925 7 74175 19 18 335
596800 74964 7 74236 19 18 335
597200 75008 7 74292 19 18 335
597600 75060 7 74340 19 18 335
598000 75104 7 74396 19 18 335
598400 75159 7 74441 19 18 335
598800 75207 7 74493 19 18 335
599200 75254 8 74546 20 18 335
599600 75301 8 74599 20 18 335
600000 75348 8 74652 20 18 335
600400 75400 8 74700 20 18 335
600800 75442 8 74758 20 18 335
601200 75490 8 74810 20 18 335
601600 75532 8 74868 20 18 335
602000 75581 8 74919 20 18 335
602400 75630 8 74970 20 18 335
602800 75680 8 75020 20 18 335
603200 75737 8 75063 20 18 335
603600 75785 8 75115 20 18 335
604000 75835 8 75165 20 18 335
604400 75886 8 75214 20 18 335
604800 75934 8 75266 20 18 335
605200 75983 8 75317 20 18 335
605600 76030 8 75370 20 18 335
606000 76082 8 75418 20 18 335
606400 76128 8 75472 20 18 335
606800 76174 8 75526 20 18 335
607200 76226 8 75574 20 18 335
607600 76273 8 75627 20 18 335
608000 76324 8 75676 20 18 335
608400 76378 8 75722 20 18 335
608800 76420 8 75780 20 18 335
609200 76464 8 75836 20 18 335
609600 76516 8 75884 20 18 335
610000 76558 8 75942 20 18 335
610400 76602 8 75998 20 18 335
610800 76652 8 76048 20 18 335
611200 76702 8 76098 20 18 335
611600 76752 8 76148 20 18 335
612000 76800 8 76200 20 18 335
612400 76850 8 76250 20 18 335
612800 76902 8 76298 20 18 335
613200 76959 8 76341 21 17 334
613600 77016 8 76384 21 17 334
614000 77062 8 76438 21 17 334
614400 77116 8 76484 21 17 334
614800 77165 8 76535 21 17 334
615200 77213 8 76587 22 16 333
615600 77259 8 76641 22 16 333
616000 77315 8 76685 22 16 333
616400 77373 8 76727 22 16 333
616800 77422 8 76778 22 16 333
617200 77478 8 76822 22 16 333
617600 77533 8 76867 22 16 333
618000 77577 8 76923 22 16 333
618400 77628 8 76972 22 16 333
618800 77681 8 77019 22 16 333
619200 77732 8 77068 22 16 333
619600 77791 8 77109 22 16 333
620000 77836 8 77164 22 16 333
620400 77884 8 77216 22 16 333
620800 77937 8 77263 22 16 333
621200 77994 8 77306 22 16 333
621600 78043 8 77357 22 16 333
622000 78104 8 77396 22 16 333
622400 78149 8 77451 23 15 332
622800 78199 8 77501 23 15 332
623200 78249 8 77551 23 15 332
623600 78305 8 77595 23 15 332
624000 78357 8 77643 23 15 332
624400 78408 8 77692 23 15 332
624800 78460 8 77740 23 15 332
625200 78513 8 77787 23 15 332
625600 78559 8 77841 23 15 332
626000 78608 8 77892 23 15 332
626400 78660 8 77940 23 15 332
626800 78709 8 77991 23 15 332
627200 78765 8 78035 23 15 332
627600 78817 8 78083 23 15 332
628000 78871 8 78129 23 15 332
628400 78917 8 78183 23 15 332
628800 78969 8 78231 23 15 332
629200 79012 8 78288 23 15 332
629600 79063 8 78337 23 15 332
630000 79116 8 78384 23 15 332
630400 79163 8 78437 23 15 332
630800 79219 8 78481 23 15 332
631200 79268 8 78532 23 15 332
631600 79315 8 78585 23 15 332
632000 79367 8 78633 23 15 332
632400 79414 8 78686 23 15 332
632800 79471 8 78729 23 15 332
633200 79526 8 78774 23 15 332
633600 79582 8 78818 23 15 332
634000 79629 8 78871 23 15 332
634400 79681 8 78919 23 15 332
634800 79726 8 78974 23 15 332
635200 79780 8 79020 23 15 332
635600 79836 8 79064 23 15 332
636000 79892 8 79108 23 15 332
636400 79952 8 79148 23 15 332
636800 80005 8 79195 23 15 332
637200 80059 8 79241 23 15 332
637600 80100 8 79300 23 15 332
638000 80151 8 79349 23 15 332
638400 80198 8 79402 23 15 332
638800 80238 8 79462 23 15 332
639200 80285 8 79515 23 15 332
639600 80336 8 79564 23 15 332
640000 80391 8 79609 23 15 332
640400 80437 8 79663 23 15 332
640800 80494 8 79706 23 15 332
641200 80544 8 79756 23 15 332
641600 80591 8 79809 23 15 332
642000 80638 8 79862 23 15 332
642400 80692 8 79908 23 15 332
642800 80751 8 79949 23 15 332
643200 80810 8 79990 23 15 332
643600 80863 8 80037 23 15 332
644000 80905 8 80095 23 15 332
644400 80957 8 80143 24 14 331
644800 81001 8 80199 24 14 331
645200 81040 8 80260 24 14 331
645600 81086 8 80314 24 14 331
646000 81138 8 80362 24 14 331
646400 81193 8 80407 24 14 331
646800 81244 8 80456 24 14 331
647200 81300 8 80500 24 14 331
647600 81349 8 80551 24 14 331
648000 81402 8 80598 24 14 331
648400 81455 8 80645 24 14 331
648800 81510 8 80690 24 14 331
649200 81557 8 80743 24 14 331
649600 81606 8 80794 24 14 331
650000 81656 8 80844 24 14 331
650400 81698 8 80902 24 14 331
650800 81751 8 80949 24 14 331
651200 81795 8 81005 24 14 331
651600 81836 8 81064 24 14 331
652000 81891 8 81109 24 14 331
652400 81948 8 81152 24 14 331
652800 81995 8 81205 24 14 331
653200 82042 8 81258 24 14 331
653600 82094 8 81306 24 14 331
654000 82155 8 81345 24 14 331
654400 82204 8 81396 24 14 331
654800 82250 8 81450 24 14 331
655200 82300 8 81500 24 14 331
655600 82347 8 81553 24 14 331
656000 82392 8 81608 24 14 331
656400 82431 8 81669 24 14 331
656800 82475 8 81725 24 14 331
657200 82530 8 81770 24 14 331
657600 82577 8 81823 24 14 331
658000 82635 8 81865 24 14 331
658400 82680 8 81920 24 14 331
658800 82728 8 81972 24 14 331
659200 82772 8 82028 24 14 331
659600 82824 8 82076 24 14 331
660000 82876 8 82124 24 14 331
660400 82930 8 82170 24 14 331
660800 82981 8 82219 24 14 331
661200 83025 8 82275 24 14 331
661600 83070 8 82330 24 14 331
662000 83118 8 82382 24 14 331
662400 83163 8 82437 24 14 331
662800 83208 8 82492 24 14 331
663200 83267 8 82533 24 14 331
663600 83317 8 82583 24 14 331
664000 83371 8 82629 24 14 331
664400 83422 8 82678 24 14 331
664800 83472 8 82728 24 14 331
665200 83519 8 82781 24 14 331
665600 83570 8 82830 24 14 331
666000 83623 8 82877 24 14 331
666400 83671 8 82929 24 14 331
666800 83723 8 82977 24 14 331
667200 83777 8 83023 24 14 331
667600 83829 8 83071 24 14 331
668000 83881 8 83119 24 14 331
668400 83929 8 83171 24 14 331
668800 83984 8 83216 24 14 331
669200 84039 8 83261 24 14 331
669600 84091 8 83309 24 14 331
670000 84137 8 83363 24 14 331
670400 84179 8 83421 24 14 331
670800 84231 8 83469 24 14 331
671200 84287 8 83513 24 14 331
671600 84331 8 83569 24 14 331
672000 84380 8 83620 24 14 331
672400 84430 8 83670 24 14 331
672800 84487 8 83713 24 14 331
673200 84542 8 83758 24 14 331
673600 84595 8 83805 24 14 331
674000 84646 8 83854 24 14 331
674400 84692 8 83908 24 14 331
674800 84746 8 83954 24 14 331
675200 84799 8 84001 24 14 331
675600 84847 8 84053 24 14 331
676000 84896 8 84104 24 14 331
676400 84948 8 84152 24 14 331
676800 84992 8 84208 24 14 331
677200 85046 8 84254 24 14 331
677600 85101 8 84299 24 14 331
678000 85150 8 84350 24 14 331
678400 85204 8 84396 24 14 331
678800 85249 8 84451 24 14 331
679200 85302 8 84498 24 14 331
679600 85351 8 84549 24 14 331
680000 85405 9 84595 24 15 332
680400 85462 9 84638 24 15 332
680800 85514 9 84686 24 15 332
681200 85558 9 84742 24 15 332
681600 85597 9 84803 24 15 332
682000 85645 9 84855 24 15 332
682400 85698 9 84902 24 15 332
682800 85761 9 84939 24 15 332
683200 85804 9 84996 24 15 332
683600 85853 9 85047 24 15 332
684000 85900 9 85100 24 15 332
684400 85945 9 85155 24 15 332
684800 85995 9 85205 24 15 332
685200 86032 9 85268 24 15 332
685600 86088 9 85312 24 15 332
686000 86137 9 85363 24 15 332
686400 86184 9 85416 24 15 332
686800 86236 9 85464 24 15 332
687200 86278 9 85522 24 15 332
687600 86325 9 85575 24 15 332
688000 86366 9 85634 24 15 332
688400 86413 9 85687 24 15 332
688800 86463 9 85737 24 15 332
689200 86514 9 85786 24 15 332
689600 86565 9 85835 24 15 332
690000 86623 9 85877 24 15 332
690400 86675 9 85925 24 15 332
690800 86727 9 85973 24 15 332
691200 86768 9 86032 24 15 332
691600 86822 9 86078 24 15 332
692000 86872 9 86128 24 15 332
692400 86926 9 86174 24 15 332
692800 86976 9 86224 24 15 332
693200 87031 9 86269 24 15 332
693600 87079 9 86321 24 15 332
694000 87125 9 86375 24 15 332
694400 87175 9 86425 24 15 332
694800 87231 9 86469 24 15 332
695200 87289 9 86511 24 15 332
695600 87337 9 86563 24 15 332
696000 87385 9 86615 24 15 332
696400 87438 9 86662 24 15 332
696800 87478 9 86722 24 15 332
697200 87529 9 86771 24 15 332
697600 87582 9 86818 24 15 332
698000 87634 9 86866 24 15 332
698400 87686 10 86914 24 16 333
698800 87736 10 86964 24 16 333
699200 87792 10 87008 24 16 333
699600 87846 10 87054 24 16 333
700000 87898 10 87102 24 16 333
700400 87952 10 87148 24 16 333
700800 88000 10 87200 24 16 333
701200 88055 10 87245 24 16 333
701600 88112 10 87288 24 16 333
702000 88154 10 87346 24 16 333
702400 88199 10 87401 24 16 333
702800 88254 10 87446 24 16 333
703200 88310 10 87490 24 16 333
703600 88363 10 87537 24 16 333
704000 88413 10 87587 24 16 333
704400 88454 10 87646 24 16 333
704800 88506 10 87694 24 16 333
705200 88552 10 87748 24 16 333
705600 88601 10 87799 24 16 333
706000 88650 10 87850 24 16 333
706400 88697 10 87903 24 16 333
706800 88742 10 87958 24 16 333
707200 88788 10 88012 24 16 333
707600 88842 10 88058 25 15 332
708000 88889 10 88111 25 15 332
708400 88934 10 88166 25 15 332
708800 88990 10 88210 25 15 332
709200 89046 10 88254 25 15 332
709600 89094 10 88306 25 15 332
710000 89142 10 88358 25 15 332
710400 89194 10 88406 25 15 332
710800 89242 10 88458 25 15 332
711200 89284 10 88516 25 15 332
711600 89332 10 88568 25 15 332
712000 89384 10 88616 25 15 332
712400 89428 10 88672 25 15 332
712800 89478 10 88722 25 15 332
713200 89528 10 88772 25 15 332
713600 89576 10 88824 25 15 332
714000 89632 10 88868 25 15 332
714400 89676 10 88924 25 15 332
714800 89724 10 88976 25 15 332
715200 89775 10 89025 25 15 332
715600 89831 10 89069 25 15 332
716000 89879 10 89121 25 15 332
716400 89935 10 89165 25 15 332
716800 89988 10 89212 25 15 332
717200 90046 10 89254 25 15 332
717600 90100 10 89300 25 15 332
718000 90144 10 89356 25 15 332
718400 90188 10 89412 26 14 331
718800 90241 10 89459 26 14 331
719200 90298 10 89502 26 14 331
719600 90337 10 89563 26 14 331
720000 90389 10 89611 26 14 331
720400 90430 10 89670 26 14 331
720800 90478 10 89722 26 14 331
721200 90530 10 89770 26 14 331
721600 90578 10 89822 26 14 331
722000 90626 10 89874 26 14 331
722400 90683 10 89917 26 14 331
722800 90730 10 89970 26 14 331
723200 90774 10 90026 26 14 331
723600 90820 10 90080 26 14 331
724000 90867 10 90133 26 14 331
724400 90923 10 90177 26 14 331
724800 90973 10 90227 26 14 331
725200 91015 10 90285 26 14 331
725600 91069 10 90331 26 14 331
726000 91115 10 90385 26 14 331
726400 91161 10 90439 26 14 331
726800 91201 10 90499 26 14 331
727200 91252 10 90548 26 14 331
727600 91303 10 90597 26 14 331
728000 91351 10 90649 26 14 331
728400 91401 10 90699 26 14 331
728800 91455 10 90745 26 14 331
729200 91505 10 90795 26 14 331
729600 91546 10 90854 26 14 331
730000 91595 10 90905 26 14 331
730400 91645 10 90955 26 14 331
730800 91702 10 90998 26 14 331
731200 91747 10 91053 26 14 331
731600 91800 10 91100 26 14 331
732000 91857 10 91143 26 14 331
732400 91904 10 91196 26 14 331
732800 91954 10 91246 26 14 331
733200 92008 10 91292 26 14 331
733600 92051 10 91349 26 14 331
734000 92102 10 91398 26 14 331
734400 92139 10 91461 26 14 331
734800 92200 10 91500 26 14 331
735200 92254 10 91546 26 14 331
735600 92307 10 91593 26 14 331
736000 92355 10 91645 26 14 331
736400 92405 10 91695 26 14 331
736800 92451 10 91749 26 14 331
737200 92503 10 91797 26 14 331
737600 92554 10 91846 26 14 331
738000 92600 10 91900 26 14 331
738400 92642 10 91958 26 14 331
738800 92695 10 92005 26 14 331
739200 92740 10 92060 26 14 331
739600 92799 10 92101 26 14 331
740000 92847 10 92153 26 14 331
740400 92895 10 92205 26 14 331
740800 92950 10 92250 26 14 331
741200 93009 10 92291 26 14 331
741600 93059 10 92341 26 14 331
742000 93106 10 92394 26 14 331
742400 93166 10 92434 26 14 331
742800 93210 10 92490 26 14 331
743200 93265 10 92535 26 14 331
743600 93323 10 92577 26 14 331
744000 93372 10 92628 26 14 330
744400 93429 10 92671 26 14 330
744800 93485 10 92715 26 14 330
745200 93540 10 92760 26 14 330
745600 93586 10 92814 26 14 330
746000 93628 10 92872 26 14 330
746400 93681 10 92919 26 14 330
746800 93739 10 92961 26 14 330
747200 93783 10 93017 26 14 330
747600 93831 10 93069 26 14 330
748000 93886 10 93114 26 14 330
748400 93929 10 93171 26 14 330
748800 93990 10 93210 26 14 330
749200 94048 10 93252 26 14 330
749600 94101 10 93299 26 14 330
750000 94148 10 93352 26 14 330
750400 94198 10 93402 26 14 330
750800 94245 10 93455 26 14 330
751200 94302 10 93498 26 14 330
751600 94349 10 93551 26 14 330
752000 94402 11 93598 26 15 330
752400 94457 11 93643 26 15 330
752800 94505 11 93695 27 14 329
753200 94556 11 93744 27 14 329
753600 94602 11 93798 27 14 329
754000 94654 11 93846 28 13 328
754400 94703 11 93897 28 13 328
754800 94762 11 93938 28 13 328
755200 94802 11 93998 28 13 328
755600 94857 11 94043 28 13 328
756000 94905 11 94095 28 13 328
756400 94959 11 94141 28 13 328
756800 95008 11 94192 28 13 328
757200 95060 11 94240 28 13 328
757600 95109 11 94291 28 13 328
758000 95161 11 94339 28 13 328
758400 95212 11 94388 28 13 328
758800 95259 11 94441 28 13 328
759200 95314 11 94486 28 13 328
759600 95354 11 94546 28 13 328
760000 95401 11 94599 28 13 328
760400 95453 11 94647 28 13 328
760800 95500 11 94700 28 13 328
761200 95554 11 94746 28 13 328
761600 95603 11 94797 28 13 328
762000 95649 11 94851 28 13 328
762400 95700 11 94900 28 13 328
762800 95749 11 94951 28 13 328
763200 95805 11 94995 28 13 328
763600 95860 11 95040 28 13 328
764000 95909 11 95091 28 13 328
764400 95961 11 95139 28 13 328
764800 96018 11 95182 28 13 328
765200 96071 11 95229 28 13 328
765600 96120 11 95280 28 13 328
766000 96163 11 95337 28 13 328
766400 96217 11 95383 28 13 328
766800 96269 11 95431 28 13 328
767200 96314 11 95486 28 13 328
767600 96378 11 95522 28 13 328
768000 96432 11 95568 28 13 328
768400 96495 11 95605 28 13 328
768800 96547 11 95653 28 13 328
769200 96590 11 95710 28 13 328
769600 96642 11 95758 28 13 328
770000 96686 11 95814 28 13 328
770400 96731 11 95869 28 13 328
770800 96788 11 95912 28 13 328
771200 96833 11 95967 28 13 328
771600 96883 11 96017 28 13 328
772000 96936 11 96064 28 13 328
772400 96987 11 96113 28 13 328
772800 97050 11 96150 28 13 328
773200 97098 11 96202 28 13 328
773600 97149 11 96251 28 13 328
774000 97196 11 96304 28 13 328
774400 97256 11 96344 28 13 328
774800 97306 11 96394 28 13 328
775200 97348 11 96452 28 13 328
775600 97397 11 96503 28 13 328
776000 97452 11 96548 28 13 328
776400 97505 11 96595 28 13 328
776800 97561 11 96639 28 13 328
777200 97617 11 96683 28 13 328
777600 97664 11 96736 28 13 328
778000 97714 11 96786 28 13 328
778400 97764 11 96836 28 13 328
778800 97812 11 96888 28 13 328
779200 97857 11 96943 28 13 328
779600 97904 11 96996 28 13 328
780000 97956 11 97044 28 13 328
780400 98003 11 97097 28 13 328
780800 98043 11 97157 28 13 328
781200 98088 11 97212 28 13 328
781600 98144 11 97256 28 13 328
782000 98196 11 97304 28 13 328
782400 98248 11 97352 28 13 328
782800 98287 11 97413 28 13 328
783200 98339 11 97461 28 13 328
783600 98390 11 97510 28 13 328
784000 98440 11 97560 28 13 328
784400 98492 11 97608 28 13 328
784800 98546 11 97654 28 13 328
785200 98592 11 97708 28 13 328
785600 98640 12 97760 29 13 328
786000 98697 12 97803 29 13 328
786400 98743 12 97857 29 13 328
786800 98792 12 97908 29 13 328
787200 98846 12 97954 29 13 328
787600 98900 12 98000 30 12 327
788000 98950 12 98050 30 12 327
788400 99005 12 98095 30 12 327
788800 99052 12 98148 30 12 327
789200 99099 12 98201 30 12 327
789600 99154 12 98246 30 12 327
790000 99210 12 98290 30 12 327
790400 99271 12 98329 30 12 327
790800 99324 12 98376 30 12 327
791200 99371 12 98429 30 12 327
791600 99417 12 98483 30 12 327
792000 99465 12 98535 30 12 327
792400 99520 12 98580 30 12 327
792800 99567 12 98633 30 12 327
793200 99611 12 98689 30 12 327
793600 99658 12 98742 30 12 327
794000 99710 12 98790 30 12 327
794400 99766 12 98834 30 12 327
794800 99811 12 98889 30 12 327
795200 99859 12 98941 30 12 327
795600 99906 12 98994 30 12 327
796000 99963 12 99037 30 12 327
796400 100010 12 99090 30 12 327
796800 100061 12 99139 30 12 327
797200 100109 12 99191 30 12 327
797600 100153 12 99247 30 12 327
798000 100205 13 99295 31 12 327
798400 100250 13 99350 31 12 327
798800 100303 13 99397 31 12 327
799200 100354 13 99446 31 12 327
799600 100405 13 99495 31 12 327
800000 100457 13 99543 31 12 327
800400 100505 13 99595 31 12 327
800800 100554 13 99646 31 12 327
801200 100601 13 99699 31 12 327
801600 100648 13 99752 31 12 327
802000 100696 13 99804 31 12 327
802400 100739 13 99861 31 12 327
802800 100782 13 99918 31 12 327
803200 100837 13 99963 31 12 327
803600 100885 13 100015 31 12 327
804000 100934 13 100066 31 12 327
804400 100983 13 100117 31 12 327
804800 101035 13 100165 31 12 327
805200 101073 13 100227 31 12 327
805600 101126 13 100274 31 12 327
806000 101171 13 100329 31 12 327
806400 101223 13 100377 31 12 327
806800 101274 13 100426 31 12 327
807200 101318 13 100482 31 12 327
807600 101367 13 100533 31 12 326
808000 101413 13 100587 31 12 326
808400 101463 13 100637 31 12 326
808800 101514 13 100686 31 12 326
809200 101566 13 100734 31 12 326
809600 101619 13 100781 31 12 326
810000 101673 13 100827 31 12 326
810400 101721 13 100879 31 12 326
810800 101781 13 100919 31 12 326
811200 101826 13 100974 31 12 326
811600 101879 13 101021 31 12 326
812000 101932 13 101068 31 12 326
812400 101980 13 101120 31 12 326
812800 102031 13 101169 31 12 326
813200 102082 13 101218 31 12 326
813600 102136 14 101264 31 13 327
814000 102188 14 101312 31 13 327
814400 102242 14 101358 31 13 327
814800 102290 14 101410 31 13 327
815200 102347 14 101453 32 12 326
815600 102399 14 101501 32 12 326
816000 102451 14 101549 32 12 326
816400 102494 14 101606 32 12 326
816800 102543 14 101657 32 12 326
817200 102592 14 101708 32 12 326
817600 102641 14 101759 32 12 326
818000 102690 14 101810 32 12 326
818400 102736 14 101864 32 12 326
818800 102795 14 101905 32 12 326
819200 102843 14 101957 32 12 326
819600 102887 14 102013 32 12 326
820000 102935 14 102065 32 12 326
820400 102987 14 102113 32 12 326
820800 103042 14 102158 32 12 326
821200 103095 14 102205 32 12 326
821600 103139 14 102261 32 12 326
822000 103191 14 102309 32 12 326
822400 103241 14 102359 32 12 326
822800 103288 14 102412 32 12 326
823200 103337 14 102463 32 12 326
823600 103399 14 102501 32 12 325
824000 103458 14 102542 32 12 325
824400 103501 14 102599 32 12 325
824800 103548 14 102652 32 12 325
825200 103587 14 102713 32 12 325
825600 103640 14 102760 32 12 325
826000 103696 14 102804 32 12 325
826400 103745 14 102855 32 12 325
826800 103801 14 102899 32 12 325
827200 103853 14 102947 32 12 325
827600 103904 14 102996 32 12 325
828000 103951 14 103049 32 12 325
828400 104017 14 103083 32 12 325
828800 104061 14 103139 32 12 325
829200 104114 14 103186 32 12 325
829600 104158 14 103242 32 12 325
830000 104205 14 103295 32 12 325
830400 104261 14 103339 32 12 325
830800 104317 14 103383 32 12 325
831200 104364 14 103436 32 12 325
831600 104423 14 103477 32 12 325
832000 104472 14 103528 32 12 325
832400 104526 14 103574 32 12 325
832800 104580 14 103620 32 12 325
833200 104631 14 103669 32 12 325
833600 104676 14 103724 32 12 325
834000 104722 14 103778 32 12 325
834400 104774 14 103826 32 12 325
834800 104828 14 103872 32 12 325
835200 104873 14 103927 32 12 325
835600 104926 14 103974 32 12 325
836000 104973 14 104027 32 12 325
836400 105021 14 104079 32 12 325
836800 105065 14 104135 32 12 325
837200 105110 14 104190 32 12 325
837600 105160 14 104240 32 12 325
838000 105203 14 104297 32 12 325
838400 105254 14 104346 32 12 325
838800 105304 14 104396 32 12 325
839200 105354 14 104446 32 12 325
839600 105398 14 104502 32 12 325
840000 105444 14 104556 32 12 325
840400 105488 14 104612 32 12 325
840800 105538 14 104662 32 12 325
841200 105595 14 104705 32 12 325
841600 105649 14 104751 32 12 325
842000 105699 14 104801 32 12 325
842400 105755 14 104845 32 12 325
842800 105814 14 104886 32 12 325
843200 105867 14 104933 32 12 325
843600 105926 14 104974 32 12 325
844000 105981 14 105019 32 12 325
844400 106018 14 105082 32 12 325
844800 106072 14 105128 32 12 325
845200 106126 14 105174 32 12 325
845600 106178 14 105222 32 12 325
846000 106233 14 105267 32 12 325
846400 106282 15 105318 32 13 326
846800 106332 15 105368 32 13 326
847200 106394 15 105406 32 13 326
847600 106449 15 105451 32 13 326
848000 106506 15 105494 32 13 326
848400 106559 15 105541 32 13 326
848800 106614 15 105586 32 13 326
849200 106654 15 105646 32 13 326
849600 106698 15 105702 32 13 326
850000 106744 15 105756 32 13 326
850400 106795 15 105805 32 13 326
850800 106837 15 105863 32 13 326
851200 106888 15 105912 32 13 326
851600 106940 15 105960 32 13 326
852000 106985 15 106015 32 13 326
852400 107040 15 106060 32 13 326
852800 107100 15 106100 32 13 326
853200 107156 15 106144 32 13 326
853600 107200 15 106200 32 13 326
854000 107252 16 106248 32 14 327
854400 107295 16 106305 32 14 327
854800 107338 16 106362 32 14 327
855200 107390 16 106410 32 14 327
855600 107438 16 106462 32 14 327
856000 107486 16 106514 32 14 327
856400 107530 16 106570 32 14 327
856800 107583 16 106617 32 14 327
857200 107635 16 106665 32 14 327
857600 107688 16 106712 32 14 327
858000 107750 16 106750 32 14 327
858400 107801 16 106799 32 14 327
858800 107854 16 106846 32 14 327
859200 107905 16 106895 32 14 327
859600 107967 16 106933 32 14 327
860000 108014 16 106986 32 14 327
860400 108059 16 107041 32 14 327
860800 108105 16 107095 32 14 327
861200 108148 16 107152 32 14 327
861600 108203 16 107197 32 14 327
862000 108257 16 107243 32 14 327
862400 108309 16 107291 32 14 327
862800 108350 16 107350 32 14 327
863200 108395 16 107405 32 14 327
863600 108441 16 107459 32 14 327
864000 108488 16 107512 32 14 327
864400 108533 16 107567 32 14 327
864800 108590 16 107610 32 14 327
865200 108641 16 107659 32 14 327
865600 108685 16 107715 32 14 327
866000 108735 16 107765 32 14 327
866400 108783 16 107817 32 14 327
866800 108832 16 107868 32 14 327
867200 108897 16 107903 32 14 327
867600 108949 16 107951 32 14 327
868000 109003 16 107997 32 14 327
868400 109053 16 108047 32 14 327
868800 109104 16 108096 32 14 327
869200 109155 16 108145 32 14 327
869600 109205 16 108195 32 14 327
870000 109249 16 108251 32 14 327
870400 109305 16 108295 32 14 327
870800 109355 16 108345 32 14 327
871200 109393 16 108407 32 14 327
871600 109444 16 108456 32 14 327
872000 109501 16 108499 32 14 327
872400 109552 16 108548 32 14 327
872800 109599 16 108601 32 14 327
873200 109646 16 108654 32 14 327
873600 109699 16 108701 32 14 327
874000 109757 16 108743 32 14 327
874400 109798 16 108802 32 14 327
874800 109847 16 108853 32 14 327
875200 109895 16 108905 32 14 327
875600 109951 16 108949 32 14 327
876000 110003 16 108997 32 14 327
876400 110047 16 109053 32 14 327
876800 110095 16 109105 32 14 327
877200 110151 16 109149 32 14 327
877600 110198 16 109202 32 14 327
878000 110254 16 109246 32 14 327
878400 110306 16 109294 32 14 327
878800 110351 16 109349 32 14 327
879200 110402 16 109398 32 14 327
879600 110449 16 109451 32 14 327
880000 110501 16 109499 32 14 327
880400 110554 16 109546 32 14 327
880800 110603 16 109597 32 14 327
881200 110647 16 109653 32 14 326
881600 110694 16 109706 32 14 326
882000 110740 16 109760 32 14 326
882400 110790 16 109810 32 14 326
882800 110839 17 109861 33 14 326
883200 110888 17 109912 34 13 325
883600 110935 17 109965 34 13 325
884000 110982 17 110018 35 12 324
884400 111030 17 110070 35 12 324
884800 111077 17 110123 35 12 324
885200 111130 17 110170 35 12 324
885600 111173 17 110227 35 12 324
886000 111226 17 110274 35 12 324
886400 111270 17 110330 35 12 324
886800 111317 17 110383 35 12 324
887200 111367 17 110433 35 12 324
887600 111423 17 110477 35 12 324
888000 111475 17 110525 35 12 324
888400 111518 17 110582 35 12 324
888800 111573 17 110627 35 12 324
889200 111618 17 110682 35 12 324
889600 111664 17 110736 35 12 324
890000 111721 17 110779 35 12 324
890400 111778 17 110822 35 12 324
890800 111824 17 110876 35 12 324
891200 111878 17 110922 35 12 324
891600 111923 17 110977 35 12 324
892000 111975 17 111025 35 12 324
892400 112026 17 111074 35 12 324
892800 112078 17 111122 35 12 324
893200 112129 17 111171 35 12 324
893600 112180 17 111220 35 12 324
894000 112229 17 111271 35 12 324
894400 112277 17 111323 35 12 324
894800 112329 17 111371 35 12 324
895200 112380 17 111420 35 12 324
895600 112432 17 111468 35 12 324
896000 112488 17 111512 35 12 324
896400 112536 17 111564 35 12 324
896800 112597 17 111603 35 12 324
897200 112651 17 111649 35 12 324
897600 112696 17 111704 35 12 324
898000 112745 17 111755 35 12 324
898400 112785 17 111815 35 12 324
898800 112840 17 111860 35 12 324
899200 112883 17 111917 35 12 324
899600 112932 17 111968 35 12 324
900000 112985 17 112015 35 12 324
900400 113040 17 112060 35 12 324
900800 113088 17 112112 35 12 324
901200 113143 17 112157 35 12 324
901600 113191 17 112209 35 12 324
902000 113246 17 112254 35 12 324
902400 113300 17 112300 35 12 324
902800 113361 17 112339 35 12 324
903200 113415 17 112385 35 12 324
903600 113466 17 112434 35 12 324
904000 113517 17 112483 35 12 324
904400 113563 17 112537 35 12 324
904800 113614 17 112586 35 12 324
905200 113660 17 112640 35 12 324
905600 113712 17 112688 35 12 324
906000 113758 17 112742 35 12 324
906400 113812 17 112788 35 12 324
906800 113854 17 112846 35 12 324
907200 113902 17 112898 35 12 324
907600 113950 17 112950 35 12 324
908000 114008 17 112992 35 12 324
908400 114055 17 113045 35 12 324
908800 114105 17 113095 35 12 324
909200 114156 17 113144 35 12 324
909600 114206 17 113194 35 12 324
910000 114258 17 113242 35 12 324
910400 114304 17 113296 35 12 324
910800 114357 17 113343 35 12 324
911200 114400 17 113400 35 12 324
911600 114456 17 113444 35 12 324
912000 114504 17 113496 35 12 324
912400 114551 17 113549 35 12 324
912800 114609 17 113591 35 12 324
913200 114664 17 113636 35 12 324
913600 114710 17 113690 35 12 324
914000 114759 17 113741 35 12 324
914400 114811 17 113789 35 12 324
914800 114856 17 113844 35 12 324
915200 114899 18 113901 35 13 325
915600 114949 18 113951 35 13 325
916000 114989 18 114011 35 13 325
916400 115035 18 114065 35 13 325
916800 115075 18 114125 35 13 325
917200 115126 18 114174 35 13 325
917600 115176 18 114224 35 13 325
918000 115235 18 114265 35 13 325
918400 115280 18 114320 35 13 325
918800 115331 18 114369 35 13 325
919200 115384 19 114416 35 14 326
919600 115435 19 114465 35 14 326
920000 115486 19 114514 35 14 326
920400 115534 19 114566 35 14 326
920800 115585 19 114615 35 14 326
921200 115627 19 114673 35 14 326
921600 115678 19 114722 35 14 326
922000 115724 19 114776 35 14 326
922400 115770 19 114830 35 14 326
922800 115826 19 114874 35 14 326
923200 115880 19 114920 35 14 326
923600 115927 19 114973 35 14 326
924000 115978 19 115022 35 14 326
924400 116026 19 115074 35 14 326
924800 116085 19 115115 35 14 326
925200 116137 19 115163 35 14 326
925600 116185 19 115215 35 14 326
926000 116228 19 115272 35 14 326
926400 116282 19 115318 35 14 326
926800 116338 19 115362 35 14 326
927200 116383 19 115417 35 14 326
927600 116434 19 115466 35 14 326
928000 116479 19 115521 35 14 326
928400 116536 19 115564 35 14 326
928800 116581 19 115619 35 14 326
929200 116628 19 115672 35 14 326
929600 116681 19 115719 35 14 326
930000 116734 19 115766 35 14 326
930400 116789 19 115811 35 14 326
930800 116847 19 115853 35 14 326
931200 116897 19 115903 35 14 326
931600 116946 19 115954 35 14 326
932000 116986 20 116014 35 15 327
932400 117025 20 116075 35 15 327
932800 117081 20 116119 35 15 327
933200 117130 20 116170 35 15 327
933600 117181 21 116219 35 16 328
934000 117228 21 116272 35 16 328
934400 117272 21 116328 35 16 328
934800 117320 21 116380 35 16 328
935200 117371 21 116429 35 16 328
935600 117416 21 116484 35 16 328
936000 117467 21 116533 35 16 328
936400 117521 21 116579 35 16 328
936800 117571 21 116629 35 16 328
937200 117624 21 116676 35 16 328
937600 117673 21 116727 35 16 328
938000 117725 21 116775 35 16 328
938400 117769 21 116831 35 16 328
938800 117827 21 116873 35 16 328
939200 117882 21 116918 35 16 328
939600 117927 21 116973 35 16 328
940000 117978 21 117022 35 16 328
940400 118028 21 117072 35 16 328
940800 118092 21 117108 35 16 328
941200 118144 21 117156 35 16 328
941600 118192 21 117208 35 16 328
942000 118245 21 117255 35 16 328
942400 118289 21 117311 35 16 328
942800 118346 21 117354 35 16 328
943200 118394 21 117406 35 16 328
943600 118442 21 117458 35 16 328
944000 118490 21 117510 35 16 328
944400 118541 21 117559 36 15 327
944800 118585 21 117615 36 15 327
945200 118635 21 117665 36 15 327
945600 118684 21 117716 36 15 327
946000 118734 21 117766 36 15 327
946400 118785 21 117815 36 15 327
946800 118834 21 117866 36 15 327
947200 118885 21 117915 36 15 327
947600 118938 21 117962 36 15 327
948000 118983 21 118017 36 15 327
948400 119027 21 118073 36 15 327
948800 119083 21 118117 36 15 327
949200 119128 21 118172 36 15 327
949600 119176 21 118224 36 15 327
950000 119231 21 118269 36 15 327
950400 119286 21 118314 36 15 327
950800 119340 21 118360 36 15 327
951200 119391 22 118409 36 16 328
951600 119434 22 118466 36 16 328
952000 119484 22 118516 36 16 328
952400 119526 22 118574 36 16 328
952800 119573 22 118627 36 16 328
953200 119619 22 118681 36 16 328
953600 119665 22 118735 36 16 328
954000 119710 22 118790 36 16 328
954400 119760 22 118840 36 16 328
954800 119820 22 118880 36 16 328
955200 119872 22 118928 36 16 328
955600 119923 22 118977 36 16 328
956000 119970 22 119030 36 16 328
956400 120021 22 119079 36 16 328
956800 120074 22 119126 36 16 328
957200 120126 22 119174 36 16 328
957600 120187 22 119213 36 16 328
958000 120229 22 119271 36 16 328
958400 120287 22 119313 36 16 328
958800 120341 22 119359 36 16 328
959200 120386 22 119414 36 16 328
959600 120435 22 119465 36 16 328
960000 120485 22 119515 36 16 328
960400 120541 22 119559 36 16 328
960800 120596 22 119604 36 16 328
961200 120644 22 119656 36 16 328
961600 120695 22 119705 36 16 328
962000 120743 22 119757 36 16 328
962400 120796 22 119804 36 16 328
962800 120842 22 119858 36 16 328
963200 120888 22 119912 36 16 328
963600 120939 22 119961 36 16 328
964000 120982 23 120018 37 16 328
964400 121028 23 120072 37 16 328
964800 121075 23 120125 37 16 328
965200 121120 23 120180 37 16 328
965600 121174 23 120226 37 16 328
966000 121230 23 120270 37 16 328
966400 121286 23 120314 37 16 328
966800 121342 23 120358 37 16 328
967200 121388 23 120412 37 16 328
967600 121432 23 120468 37 16 328
968000 121487 23 120513 37 16 328
968400 121536 23 120564 37 16 328
968800 121584 23 120616 37 16 328
969200 121634 23 120666 37 16 328
969600 121693 23 120707 37 16 328
970000 121743 23 120757 37 16 328
970400 121791 23 120809 37 16 328
970800 121845 23 120855 37 16 328
971200 121881 23 120919 37 16 328
971600 121932 23 120968 37 16 328
972000 121990 23 121010 37 16 328
972400 122040 23 121060 37 16 328
972800 122092 23 121108 37 16 328
973200 122142 23 121158 37 16 328
973600 122184 23 121216 37 16 328
974000 122233 23 121267 37 16 328
974400 122279 23 121321 37 16 328
974800 122329 23 121371 37 16 328
975200 122381 23 121419 37 16 328
975600 122442 23 121458 37 16 328
976000 122487 23 121513 37 16 328
976400 122539 23 121561 37 16 328
976800 122586 23 121614 37 16 328
977200 122639 23 121661 37 16 328
977600 122688 23 121712 38 15 327
978000 122743 23 121757 38 15 327
978400 122795 24 121805 38 16 328
978800 122849 24 121851 38 16 328
979200 122902 24 121898 38 16 328
979600 122960 24 121940 38 16 328
980000 123002 24 121998 38 16 328
980400 123048 24 122052 38 16 328
980800 123094 24 122106 38 16 328
981200 123139 24 122161 39 15 327
981600 123192 24 122208 39 15 327
982000 123245 24 122255 39 15 327
982400 123291 24 122309 39 15 327
982800 123340 24 122360 39 15 327
983200 123385 24 122415 39 15 327
983600 123438 24 122462 39 15 327
984000 123485 25 122515 39 16 328
984400 123526 25 122574 39 16 328
984800 123568 25 122632 39 16 328
985200 123615 25 122685 39 16 328
985600 123664 25 122736 39 16 328
986000 123707 25 122793 39 16 328
986400 123759 25 122841 39 16 328
986800 123813 25 122887 39 16 328
987200 123863 25 122937 39 16 328
987600 123918 25 122982 39 16 328
988000 123969 25 123031 39 16 328
988400 124009 25 123091 39 16 328
988800 124058 25 123142 39 16 328
989200 124107 25 123193 39 16 328
989600 124156 25 123244 39 16 328
990000 124207 25 123293 39 16 328
990400 124255 25 123345 39 16 328
990800 124306 25 123394 39 16 328
991200 124348 25 123452 39 16 328
991600 124407 25 123493 39 16 328
992000 124464 25 123536 39 16 328
992400 124518 25 123582 39 16 328
992800 124573 25 123627 39 16 328
993200 124624 25 123676 39 16 328
993600 124674 25 123726 39 16 328
994000 124724 25 123776 39 16 328
994400 124782 25 123818 39 16 328
994800 124831 25 123869 39 16 328
995200 124876 25 123924 39 16 328
995600 124926 25 123974 39 16 328
996000 124974 25 124026 39 16 328
996400 125027 25 124073 39 16 328
996800 125068 26 124132 39 17 329
997200 125125 26 124175 39 17 329
997600 125174 26 124226 39 17 329
998000 125229 26 124271 39 17 329
998400 125278 26 124322 39 17 329
998800 125313 26 124387 39 17 329
999200 125358 26 124442 39 17 329
999600 125412 26 124488 39 17 329
1000000 125474 26 124526 39 17 329
