# Time-averaged data for fix cgcmcstat
# TimeStep v_ciatt v_ciacc v_cdatt v_cdacc v_nco2 v_nmob
0 0 0 0 0 30 350
400 49 0 51 0 30 350
800 101 0 99 0 30 350
1200 145 0 155 0 30 350
1600 194 0 206 0 30 350
2000 246 0 254 0 30 350
2400 296 0 304 0 30 350
2800 342 0 358 0 30 350
3200 396 0 404 0 30 350
3600 456 0 444 0 30 350
4000 503 0 497 0 30 350
4400 546 0 554 0 30 350
4800 603 0 597 0 30 350
5200 651 0 649 0 30 350
5600 710 0 690 0 30 350
6000 762 0 738 0 30 350
6400 813 0 787 0 30 350
6800 868 0 832 0 30 350
7200 910 0 890 0 30 350
7600 954 0 946 0 30 350
8000 1014 0 986 1 29 349
8400 1063 0 1037 1 29 349
8800 1117 0 1083 1 29 349
9200 1167 0 1133 1 29 349
9600 1217 0 1183 1 29 349
10000 1262 0 1238 1 29 349
10400 1306 0 1294 1 29 349
10800 1358 0 1342 1 29 349
11200 1414 0 1386 1 29 349
11600 1463 0 1437 1 29 349
12000 1512 0 1488 1 29 349
12400 1560 0 1540 1 29 349
12800 1615 0 1585 1 29 349
13200 1670 0 1630 1 29 349
13600 1723 0 1677 1 29 349
14000 1763 0 1737 1 29 349
14400 1803 0 1797 1 29 349
14800 1859 0 1841 1 29 349
15200 1912 0 1888 1 29 349
15600 1959 0 1941 1 29 349
16000 2013 0 1987 1 29 349
16400 2054 0 2046 1 29 349
16800 2106 0 2094 1 29 349
17200 2154 0 2146 1 29 349
17600 2207 0 2193 1 29 349
18000 2261 0 2239 1 29 349
18400 2308 0 2292 1 29 349
18800 2351 0 2349 1 29 349
19200 2403 0 2397 1 29 349
19600 2451 0 2449 1 29 349
20000 2495 0 2505 1 29 349
20400 2545 0 2555 1 29 349
20800 2591 0 2609 1 29 349
21200 2636 0 2664 1 29 349
21600 2696 0 2704 1 29 349
22000 2740 0 2760 1 29 349
22400 2792 0 2808 1 29 349
22800 2840 0 2860 1 29 349
23200 2897 0 2903 1 29 349
23600 2943 0 2957 2 28 348
24000 2995 0 3005 2 28 348
24400 3045 0 3055 2 28 348
24800 3092 0 3108 2 28 348
25200 3144 0 3156 2 28 348
25600 3196 0 3204 2 28 348
26000 3246 0 3254 2 28 348
26400 3299 0 3301 2 28 348
26800 3340 0 3360 2 28 348
27200 3383 0 3417 2 28 348
27600 3440 0 3460 2 28 348
28000 3485 0 3515 2 28 348
28400 3546 0 3554 2 28 348
28800 3603 0 3597 2 28 348
29200 3658 0 3642 2 28 348
29600 3708 0 3692 2 28 348
30000 3758 0 3742 2 28 348
30400 3817 0 3783 2 28 348
30800 3869 0 3831 2 28 348
31200 3917 0 3883 2 28 348
31600 3965 0 3935 2 28 348
32000 4023 0 3977 2 28 348
32400 4078 0 4022 2 28 348
32800 4132 0 4068 2 28 348
33200 4190 0 4110 2 28 348
33600 4243 0 4157 2 28 348
34000 4298 0 4202 2 28 348
34400 4348 0 4252 2 28 348
34800 4400 0 4300 2 28 348
35200 4451 0 4349 2 28 348
35600 4508 0 4392 2 28 348
36000 4551 0 4449 2 28 348
36400 4603 0 4497 2 28 348
36800 4649 0 4551 2 28 348
37200 4694 0 4606 2 28 348
37600 4739 0 4661 2 28 348
38000 4791 0 4709 2 28 348
38400 4841 0 4759 2 28 348
38800 4887 0 4813 2 28 348
39200 4941 0 4859 2 28 348
39600 4985 0 4915 2 28 348
40000 5047 0 4953 2 28 348
40400 5100 0 5000 2 28 348
40800 5146 0 5054 2 28 348
41200 5198 0 5102 2 28 348
41600 5247 0 5153 2 28 348
42000 5301 0 5199 2 28 348
42400 5360 0 5240 2 28 348
42800 5408 0 5292 2 28 348
43200 5456 0 5344 2 28 348
43600 5504 0 5396 2 28 348
44000 5550 0 5450 2 28 348
44400 5606 0 5494 2 28 348
44800 5661 0 5539 2 28 348
45200 5715 0 5585 2 28 348
45600 5759 0 5641 2 28 348
46000 5812 0 5688 2 28 348
46400 5860 0 5740 2 28 348
46800 5907 0 5793 2 28 348
47200 5957 0 5843 2 28 348
47600 6007 0 5893 2 28 348
48000 6049 0 5951 2 28 348
48400 6096 0 6004 2 28 348
48800 6140 0 6060 2 28 348
49200 6194 0 6106 2 28 348
49600 6244 0 6156 2 28 348
50000 6301 0 6199 2 28 348
50400 6358 0 6242 2 28 348
50800 6419 0 6281 2 28 348
51200 6470 0 6330 3 27 347
51600 6521 0 6379 3 27 347
52000 6573 0 6427 3 27 347
52400 6615 0 6485 3 27 347
52800 6664 0 6536 3 27 347
53200 6712 0 6588 3 27 347
53600 6754 0 6646 3 27 347
54000 6798 0 6702 3 27 347
54400 6852 0 6748 3 27 347
54800 6901 0 6799 3 27 347
55200 6962 0 6838 3 27 347
55600 7015 0 6885 3 27 347
56000 7061 0 6939 3 27 347
56400 7112 0 6988 3 27 347
56800 7163 0 7037 3 27 347
57200 7210 0 7090 3 27 347
57600 7265 0 7135 3 27 347
58000 7314 0 7186 3 27 347
58400 7370 0 7230 3 27 347
58800 7412 0 7288 3 27 347
59200 7462 0 7338 3 27 347
59600 7506 0 7394 3 27 347
60000 7559 0 7441 3 27 347
60400 7613 0 7487 3 27 347
60800 7659 0 7541 3 27 347
61200 7714 0 7586 3 27 347
61600 7773 0 7627 3 27 347
62000 7817 0 7683 3 27 347
62400 7865 0 7735 3 27 347
62800 7913 0 7787 3 27 347
63200 7966 0 7834 3 27 347
63600 8020 0 7880 3 27 347
64000 8068 0 7932 4 26 346
64400 8119 0 7981 4 26 346
64800 8172 0 8028 4 26 346
65200 8218 0 8082 4 26 346
65600 8266 0 8134 4 26 346
66000 8325 0 8175 4 26 346
66400 8381 0 8219 4 26 346
66800 8429 0 8271 4 26 346
67200 8478 0 8322 4 26 346
67600 8520 0 8380 4 26 346
68000 8571 0 8429 4 26 346
68400 8629 0 8471 4 26 346
68800 8679 0 8521 4 26 346
69200 8719 0 8581 4 26 346
69600 8762 0 8638 4 26 346
70000 8817 0 8683 4 26 346
70400 8872 0 8728 4 26 346
70800 8920 0 8780 4 26 346
71200 8975 0 8825 4 26 346
71600 9022 0 8878 4 26 346
72000 9075 0 8925 4 26 346
72400 9134 0 8966 4 26 346
72800 9184 0 9016 4 26 346
73200 9238 0 9062 4 26 346
73600 9281 0 9119 4 26 346
74000 9330 0 9170 4 26 346
74400 9389 0 9211 4 26 346
74800 9443 0 9257 4 26 346
75200 9492 0 9308 4 26 346
75600 9544 0 9356 4 26 346
76000 9588 0 9412 4 26 346
76400 9642 0 9458 4 26 346
76800 9697 0 9503 4 26 346
77200 9737 0 9563 4 26 346
77600 9789 0 9611 4 26 346
78000 9841 0 9659 4 26 346
78400 9893 0 9707 4 26 346
78800 9944 0 9756 4 26 346
79200 9993 0 9807 4 26 346
79600 10041 0 9859 4 26 346
80000 10088 0 9912 4 26 346
80400 10130 0 9970 4 26 346
80800 10186 0 10014 4 26 346
81200 10239 0 10061 4 26 346
81600 10297 0 10103 4 26 346
82000 10346 0 10154 4 26 346
82400 10397 0 10203 4 26 346
82800 10449 0 10251 4 26 346
83200 10492 0 10308 4 26 346
83600 10548 0 10352 4 26 346
84000 10600 0 10400 4 26 346
84400 10646 0 10454 4 26 346
84800 10700 0 10500 4 26 346
85200 10742 0 10558 4 26 346
85600 10797 0 10603 4 26 346
86000 10848 0 10652 4 26 346
86400 10897 0 10703 4 26 346
86800 10943 0 10757 4 26 346
87200 10987 0 10813 4 26 346
87600 11036 0 10864 4 26 346
88000 11084 0 10916 4 26 346
88400 11146 0 10954 4 26 346
88800 11194 0 11006 4 26 346
89200 11234 0 11066 4 26 346
89600 11285 0 11115 4 26 346
90000 11343 0 11157 4 26 346
90400 11389 0 11211 4 26 346
90800 11451 0 11249 4 26 346
91200 11506 0 11294 4 26 346
91600 11557 0 11343 4 26 346
92000 11605 0 11395 4 26 346
92400 11654 0 11446 4 26 346
92800 11707 0 11493 4 26 346
93200 11764 0 11536 4 26 346
93600 11809 0 11591 4 26 346
94000 11863 0 11637 4 26 346
94400 11919 0 11681 4 26 346
94800 11963 0 11737 4 26 346
95200 12014 0 11786 5 25 345
95600 12057 0 11843 5 25 345
96000 12102 0 11898 5 25 345
96400 12155 0 11945 5 25 345
96800 12209 0 11991 5 25 345
97200 12260 0 12040 5 25 345
97600 12308 0 12092 5 25 345
98000 12353 0 12147 5 25 345
98400 12402 0 12198 5 25 345
98800 12450 0 12250 5 25 345
99200 12497 0 12303 5 25 345
99600 12548 0 12352 5 25 345
100000 12590 0 12410 5 25 345
100400 12638 0 12462 5 25 345
100800 12685 0 12515 5 25 345
101200 12734 0 12566 5 25 345
101600 12777 0 12623 5 25 345
102000 12836 0 12664 5 25 345
102400 12888 0 12712 5 25 345
102800 12933 0 12767 5 25 345
103200 12982 0 12818 5 25 345
103600 13035 0 12865 5 25 345
104000 13083 0 12917 5 25 345
104400 13132 0 12968 5 25 345
104800 13176 0 13024 5 25 345
105200 13220 0 13080 5 25 345
105600 13274 0 13126 5 25 345
106000 13320 0 13180 5 25 345
106400 13376 0 13224 5 25 345
106800 13437 0 13263 5 25 345
107200 13480 0 13320 5 25 345
107600 13527 0 13373 5 25 345
108000 13583 0 13417 5 25 345
108400 13629 0 13471 5 25 345
108800 13681 0 13519 5 25 345
109200 13715 0 13585 5 25 345
109600 13761 0 13639 5 25 345
110000 13815 0 13685 5 25 345
110400 13857 0 13743 5 25 345
110800 13916 0 13784 5 25 345
111200 13963 0 13837 5 25 345
111600 14011 0 13889 5 25 345
112000 14060 0 13940 5 25 345
112400 14110 0 13990 5 25 345
112800 14168 0 14032 5 25 345
113200 14222 0 14078 5 25 345
113600 14270 0 14130 5 25 345
114000 14318 0 14182 5 25 345
114400 14361 0 14239 5 25 345
114800 14412 0 14288 5 25 345
115200 14471 0 14329 5 25 345
115600 14523 0 14377 5 25 345
116000 14567 0 14433 5 25 345
116400 14620 0 14480 5 25 345
116800 14677 0 14523 5 25 345
117200 14727 0 14573 5 25 345
117600 14777 0 14623 5 25 345
118000 14826 0 14674 5 25 345
118400 14874 0 14726 5 25 345
118800 14920 0 14780 5 25 345
119200 14972 0 14828 5 25 345
119600 15018 0 14882 5 25 345
120000 15076 0 14924 5 25 345
120400 15127 0 14973 5 25 345
120800 15167 0 15033 5 25 345
121200 15213 0 15087 5 25 345
121600 15261 0 15139 5 25 345
122000 15319 0 15181 5 25 345
122400 15370 0 15230 5 25 345
122800 15420 0 15280 5 25 345
123200 15464 0 15336 5 25 345
123600 15508 0 15392 5 25 345
124000 15553 0 15447 5 25 345
124400 15604 0 15496 5 25 345
124800 15656 0 15544 5 25 345
125200 15704 0 15596 5 25 345
125600 15757 0 15643 5 25 345
126000 15804 0 15696 5 25 345
126400 15858 0 15742 5 25 345
126800 15915 0 15785 5 25 345
127200 15957 0 15843 5 25 345
127600 16008 0 15892 5 25 345
128000 16058 0 15942 5 25 345
128400 16115 0 15985 5 25 345
128800 16156 0 16044 5 25 345
129200 16209 0 16091 5 25 345
129600 16262 0 16138 5 25 345
130000 16305 0 16195 5 25 345
130400 16357 0 16243 5 25 345
130800 16409 0 16291 5 25 345
131200 16464 0 16336 5 25 345
131600 16510 0 16390 5 25 345
132000 16565 0 16435 5 25 345
132400 16615 0 16485 5 25 345
132800 16665 0 16535 5 25 345
133200 16710 0 16590 5 25 345
133600 16761 0 16639 5 25 345
134000 16801 0 16699 5 25 345
134400 16853 0 16747 5 25 345
134800 16905 0 16795 5 25 345
135200 16960 0 16840 5 25 345
135600 17011 0 16889 5 25 345
136000 17060 0 16940 5 25 345
136400 17110 0 16990 5 25 345
136800 17157 0 17043 5 25 345
137200 17212 0 17088 5 25 345
137600 17268 0 17132 5 25 345
138000 17325 0 17175 5 25 345
138400 17380 0 17220 6 24 344
138800 17420 0 17280 6 24 344
139200 17474 0 17326 6 24 344
139600 17524 0 17376 6 24 344
140000 17577 0 17423 6 24 344
140400 17625 0 17475 6 24 344
140800 17671 0 17529 6 24 344
141200 17721 0 17579 6 24 344
141600 17764 0 17636 6 24 344
142000 17814 0 17686 6 24 344
142400 17866 0 17734 6 24 344
142800 17909 0 17791 6 24 344
143200 17962 0 17838 6 24 344
143600 18016 0 17884 6 24 344
144000 18067 0 17933 6 24 344
144400 18122 0 17978 6 24 344
144800 18162 0 18038 6 24 344
145200 18209 0 18091 6 24 344
145600 18259 0 18141 6 24 344
146000 18301 0 18199 6 24 344
146400 18352 0 18248 6 24 344
146800 18402 0 18298 6 24 344
147200 18454 0 18346 6 24 344
147600 18499 0 18401 6 24 344
148000 18553 0 18447 6 24 344
148400 18603 0 18497 6 24 344
148800 18647 0 18553 6 24 344
149200 18700 0 18600 6 24 344
149600 18755 0 18645 6 24 344
150000 18802 0 18698 6 24 344
150400 18863 0 18737 6 24 344
150800 18911 0 18789 6 24 344
151200 18957 0 18843 6 24 344
151600 18998 0 18902 6 24 344
152000 19050 0 18950 6 24 344
152400 19107 0 18993 6 24 344
152800 19155 0 19045 6 24 344
153200 19208 0 19092 6 24 344
153600 19268 0 19132 6 24 344
154000 19328 1 19172 7 24 344
154400 19377 1 19223 7 24 344
154800 19418 1 19282 7 24 344
155200 19467 1 19333 7 24 344
155600 19511 1 19389 7 24 344
156000 19562 1 19438 7 24 344
156400 19615 1 19485 7 24 344
156800 19663 1 19537 7 24 344
157200 19715 1 19585 7 24 344
157600 19767 1 19633 7 24 344
158000 19815 1 19685 7 24 344
158400 19866 1 19734 7 24 344
158800 19917 1 19783 7 24 344
159200 19971 1 19829 7 24 344
159600 20030 1 19870 7 24 344
160000 20081 1 19919 7 24 344
160400 20130 1 19970 7 24 344
160800 20176 1 20024 7 24 344
161200 20225 1 20075 7 24 344
161600 20271 1 20129 7 24 344
162000 20318 1 20182 7 24 344
162400 20368 1 20232 7 24 344
162800 20426 1 20274 7 24 344
163200 20471 1 20329 7 24 344
163600 20516 1 20384 7 24 344
164000 20570 1 20430 7 24 344
164400 20622 1 20478 7 24 344
164800 20679 1 20521 7 24 344
165200 20722 1 20578 7 24 344
165600 20771 1 20629 7 24 344
166000 20822 1 20678 7 24 344
166400 20873 1 20727 7 24 344
166800 20925 1 20775 7 24 344
167200 20976 1 20824 8 23 343
167600 21024 1 20876 8 23 343
168000 21070 1 20930 8 23 343
168400 21119 1 20981 8 23 343
168800 21169 1 21031 8 23 343
169200 21214 1 21086 8 23 343
169600 21265 1 21135 8 23 343
170000 21323 1 21177 8 23 343
170400 21383 1 21217 8 23 343
170800 21441 1 21259 8 23 343
171200 21490 1 21310 8 23 343
171600 21532 1 21368 8 23 343
172000 21581 1 21419 8 23 343
172400 21631 1 21469 8 23 343
172800 21683 1 21517 8 23 343
173200 21734 1 21566 8 23 343
173600 21788 1 21612 8 23 343
174000 21834 1 21666 8 23 343
174400 21882 1 21718 8 23 343
174800 21925 1 21775 8 23 343
175200 21986 1 21814 8 23 343
175600 22039 1 21861 8 23 343
176000 22088 1 21912 8 23 343
176400 22143 1 21957 8 23 343
176800 22195 1 22005 8 23 343
177200 22247 1 22053 8 23 343
177600 22302 1 22098 8 23 343
178000 22355 2 22145 9 23 343
178400 22404 2 22196 9 23 343
178800 22467 2 22233 9 23 343
179200 22521 2 22279 9 23 343
179600 22571 2 22329 9 23 343
180000 22626 2 22374 9 23 343
180400 22676 2 22424 9 23 343
180800 22719 2 22481 9 23 343
181200 22773 2 22527 9 23 343
181600 22826 2 22574 9 23 343
182000 22868 2 22632 9 23 343
182400 22919 2 22681 9 23 343
182800 22961 2 22739 9 23 343
183200 23018 2 22782 9 23 343
183600 23070 2 22830 9 23 343
184000 23122 2 22878 9 23 343
184400 23169 2 22931 9 23 343
184800 23226 2 22974 9 23 343
185200 23289 2 23011 9 23 343
185600 23339 2 23061 9 23 343
186000 23387 2 23113 9 23 343
186400 23443 2 23157 9 23 343
186800 23493 2 23207 9 23 343
187200 23541 2 23259 9 23 343
187600 23586 2 23314 9 23 343
188000 23634 2 23366 9 23 343
188400 23683 2 23417 9 23 343
188800 23727 2 23473 9 23 343
189200 23779 2 23521 9 23 343
189600 23832 2 23568 9 23 343
190000 23884 2 23616 9 23 343
190400 23930 2 23670 9 23 343
190800 23971 2 23729 9 23 343
191200 24013 2 23787 9 23 343
191600 24057 2 23843 9 23 343
192000 24103 2 23897 9 23 343
192400 24154 2 23946 9 23 343
192800 24201 2 23999 9 23 343
193200 24249 2 24051 9 23 343
193600 24287 2 24113 9 23 343
194000 24337 2 24163 9 23 343
194400 24385 2 24215 9 23 343
194800 24433 2 24267 9 23 343
195200 24492 2 24308 9 23 343
195600 24546 2 24354 9 23 343
196000 24592 2 24408 9 23 343
196400 24642 2 24458 9 23 343
196800 24699 2 24501 9 23 343
197200 24747 2 24553 9 23 343
197600 24801 2 24599 9 23 343
198000 24852 2 24648 9 23 343
198400 24893 2 24707 9 23 343
198800 24943 2 24757 9 23 343
199200 24989 2 24811 9 23 343
199600 25034 2 24866 9 23 343
200000 25082 2 24918 9 23 343
200400 25130 2 24970 9 23 343
200800 25185 2 25015 9 23 343
201200 25226 2 25074 9 23 343
201600 25272 2 25128 9 23 343
202000 25319 2 25181 9 23 343
202400 25380 2 25220 9 23 343
202800 25430 2 25270 9 23 343
203200 25483 2 25317 9 23 343
203600 25530 2 25370 9 23 343
204000 25579 2 25421 9 23 343
204400 25629 2 25471 9 23 343
204800 25690 2 25510 9 23 343
205200 25740 2 25560 9 23 343
205600 25792 2 25608 9 23 343
206000 25843 2 25657 9 23 343
206400 25890 2 25710 10 22 342
206800 25937 2 25763 10 22 342
207200 25993 2 25807 10 22 342
207600 26051 2 25849 10 22 342
208000 26099 2 25901 10 22 342
208400 26153 2 25947 10 22 342
208800 26197 2 26003 10 22 342
209200 26248 2 26052 10 22 342
209600 26292 2 26108 10 22 342
210000 26351 2 26149 10 22 342
210400 26412 2 26188 10 22 342
210800 26459 2 26241 10 22 342
211200 26496 2 26304 10 22 342
211600 26557 2 26343 10 22 342
212000 26607 2 26393 10 22 342
212400 26655 2 26445 10 22 342
212800 26707 2 26493 10 22 342
213200 26753 2 26547 10 22 342
213600 26812 2 26588 10 22 342
214000 26864 2 26636 10 22 342
214400 26913 2 26687 10 22 342
214800 26967 2 26733 10 22 342
215200 27024 2 26776 10 22 342
215600 27083 2 26817 10 22 342
216000 27132 2 26868 10 22 342
216400 27190 2 26910 10 22 342
216800 27234 2 26966 10 22 342
217200 27291 2 27009 10 22 342
217600 27344 2 27056 10 22 342
218000 27388 2 27112 10 22 342
218400 27436 2 27164 10 22 342
218800 27480 2 27220 10 22 342
219200 27536 2 27264 10 22 342
219600 27583 2 27317 10 22 342
220000 27633 2 27367 10 22 342
220400 27688 2 27412 10 22 342
220800 27742 2 27458 10 22 342
221200 27788 2 27512 10 22 342
221600 27842 2 27558 10 22 342
222000 27895 2 27605 10 22 342
222400 27947 2 27653 10 22 342
222800 27994 2 27706 10 22 342
223200 28045 2 27755 10 22 342
223600 28086 2 27814 10 22 342
224000 28135 2 27865 10 22 342
224400 28190 2 27910 10 22 342
224800 28237 2 27963 10 22 342
225200 28280 2 28020 10 22 342
225600 28325 2 28075 10 22 342
226000 28387 2 28113 10 22 342
226400 28437 2 28163 10 22 342
226800 28494 2 28206 10 22 342
227200 28548 2 28252 10 22 342
227600 28599 2 28301 10 22 342
228000 28647 2 28353 10 22 342
228400 28692 2 28408 10 22 342
228800 28748 2 28452 10 22 342
229200 28806 2 28494 10 22 342
229600 28852 2 28548 10 22 342
230000 28900 2 28600 10 22 342
230400 28946 2 28654 10 22 342
230800 28995 2 28705 10 22 342
231200 29041 2 28759 10 22 342
231600 29089 2 28811 10 22 342
232000 29142 2 28858 10 22 342
232400 29193 2 28907 11 21 341
232800 29245 2 28955 11 21 341
233200 29294 2 29006 11 21 341
233600 29337 2 29063 11 21 341
234000 29387 2 29113 11 21 341
234400 29444 2 29156 11 21 341
234800 29502 2 29198 11 21 341
235200 29551 2 29249 11 21 341
235600 29604 2 29296 11 21 341
236000 29656 2 29344 11 21 341
236400 29703 2 29397 11 21 341
236800 29757 2 29443 11 21 341
237200 29814 2 29486 11 21 341
237600 29861 2 29539 11 21 341
238000 29903 2 29597 11 21 341
238400 29943 2 29657 11 21 341
238800 29991 2 29709 11 21 341
239200 30050 2 29750 11 21 341
239600 30105 2 29795 11 21 341
240000 30149 2 29851 11 21 341
240400 30198 2 29902 11 21 341
240800 30249 2 29951 11 21 341
241200 30302 2 29998 11 21 341
241600 30356 2 30044 11 21 341
242000 30405 2 30095 11 21 341
242400 30453 2 30147 11 21 341
242800 30495 2 30205 11 21 341
243200 30536 2 30264 12 20 340
243600 30588 2 30312 12 20 340
244000 30637 2 30363 12 20 340
244400 30693 2 30407 12 20 340
244800 30745 2 30455 12 20 340
245200 30795 2 30505 12 20 340
245600 30846 2 30554 12 20 340
246000 30892 2 30608 12 20 340
246400 30945 2 30655 12 20 340
246800 30996 2 30704 12 20 340
247200 31040 2 30760 12 20 340
247600 31087 2 30813 12 20 340
248000 31137 2 30863 12 20 340
248400 31180 2 30920 12 20 340
248800 31226 2 30974 12 20 340
249200 31270 2 31030 12 20 340
249600 31315 2 31085 12 20 340
250000 31360 2 31140 12 20 340
250400 31411 2 31189 12 20 340
250800 31465 2 31235 12 20 340
251200 31511 2 31289 12 20 340
251600 31560 2 31340 12 20 340
252000 31615 2 31385 12 20 340
252400 31665 2 31435 12 20 340
252800 31715 2 31485 12 20 340
253200 31769 2 31531 12 20 340
253600 31819 2 31581 12 20 340
254000 31867 2 31633 12 20 340
254400 31913 2 31687 12 20 340
254800 31949 2 31751 12 20 340
255200 32001 2 31799 12 20 340
255600 32051 2 31849 12 20 340
256000 32093 2 31907 12 20 340
256400 32147 2 31953 12 20 340
256800 32199 2 32001 12 20 340
257200 32248 2 32052 12 20 340
257600 32298 2 32102 12 20 340
258000 32353 2 32147 12 20 340
258400 32398 2 32202 12 20 340
258800 32438 2 32262 12 20 340
259200 32492 2 32308 12 20 340
259600 32537 2 32363 12 20 340
260000 32585 2 32415 12 20 340
260400 32629 2 32471 12 20 340
260800 32674 2 32526 12 20 340
261200 32714 2 32586 12 20 340
261600 32769 2 32631 12 20 340
262000 32821 2 32679 12 20 340
262400 32868 2 32732 12 20 340
262800 32918 2 32782 12 20 340
263200 32961 2 32839 12 20 340
263600 33016 2 32884 12 20 340
264000 33068 2 32932 12 20 340
264400 33126 2 32974 12 20 340
264800 33180 2 33020 12 20 340
265200 33232 2 33068 12 20 340
265600 33286 2 33114 12 20 340
266000 33331 2 33169 12 20 340
266400 33381 2 33219 12 20 340
266800 33433 2 33267 12 20 340
267200 33486 2 33314 12 20 340
267600 33541 2 33359 12 20 340
268000 33590 2 33410 12 20 340
268400 33646 2 33454 12 20 340
268800 33712 2 33488 12 20 340
269200 33770 2 33530 12 20 340
269600 33820 2 33580 12 20 340
270000 33864 2 33636 12 20 340
270400 33914 2 33686 12 20 340
270800 33964 2 33736 12 20 340
271200 34007 2 33793 12 20 340
271600 34064 2 33836 12 20 340
272000 34112 2 33888 12 20 340
272400 34167 2 33933 12 20 340
272800 34228 2 33972 12 20 340
273200 34287 2 34013 12 20 340
273600 34330 2 34070 12 20 340
274000 34383 2 34117 12 20 340
274400 34421 2 34179 12 20 340
274800 34479 2 34221 12 20 340
275200 34529 2 34271 12 20 340
275600 34592 2 34308 12 20 340
276000 34650 2 34350 12 20 340
276400 34697 2 34403 12 20 340
276800 34755 2 34445 12 20 340
277200 34812 2 34488 12 20 340
277600 34865 2 34535 12 20 340
278000 34912 2 34588 12 20 340
278400 34964 2 34636 12 20 340
278800 35014 2 34686 12 20 340
279200 35062 2 34738 12 20 340
279600 35118 2 34782 12 20 340
280000 35171 2 34829 12 20 340
280400 35225 2 34875 12 20 340
280800 35269 2 34931 12 20 340
281200 35321 2 34979 12 20 340
281600 35368 2 35032 12 20 340
282000 35416 2 35084 12 20 340
282400 35473 2 35127 12 20 340
282800 35524 2 35176 13 19 339
283200 35581 2 35219 13 19 339
283600 35634 2 35266 13 19 339
284000 35684 2 35316 13 19 339
284400 35740 2 35360 13 19 339
284800 35788 2 35412 13 19 339
285200 35841 2 35459 13 19 339
285600 35888 2 35512 13 19 339
286000 35942 2 35558 13 19 339
286400 35993 2 35607 13 19 339
286800 36048 2 35652 13 19 339
287200 36096 2 35704 13 19 339
287600 36144 2 35756 13 19 339
288000 36198 2 35802 13 19 339
288400 36247 2 35853 13 19 339
288800 36307 2 35893 13 19 339
289200 36350 2 35950 13 19 339
289600 36398 2 36002 13 19 339
290000 36456 2 36044 13 19 339
290400 36509 2 36091 13 19 339
290800 36573 2 36127 13 19 339
291200 36623 2 36177 13 19 339
291600 36664 2 36236 13 19 339
292000 36721 2 36279 13 19 339
292400 36766 2 36334 13 19 339
292800 36809 2 36391 13 19 339
293200 36869 2 36431 13 19 339
293600 36913 2 36487 13 19 339
294000 36963 2 36537 13 19 339
294400 37023 2 36577 13 19 339
294800 37078 2 36622 13 19 339
295200 37116 2 36684 13 19 339
295600 37168 2 36732 13 19 339
296000 37221 2 36779 13 19 339
296400 37266 2 36834 13 19 339
296800 37323 2 36877 13 19 339
297200 37376 2 36924 13 19 339
297600 37420 2 36980 13 19 339
298000 37466 2 37034 13 19 339
298400 37510 2 37090 13 19 339
298800 37565 2 37135 13 19 339
299200 37618 2 37182 13 19 339
299600 37670 2 37230 13 19 339
300000 37714 2 37286 13 19 339
300400 37768 2 37332 13 19 339
300800 37826 2 37374 13 19 339
301200 37872 2 37428 13 19 339
301600 37922 2 37478 13 19 339
302000 37975 2 37525 13 19 339
302400 38019 2 37581 13 19 339
302800 38072 2 37628 13 19 339
303200 38117 2 37683 14 18 338
303600 38168 2 37732 14 18 338
304000 38217 2 37783 14 18 338
304400 38262 2 37838 14 18 338
304800 38316 2 37884 14 18 338
305200 38368 2 37932 14 18 338
305600 38421 2 37979 14 18 338
306000 38466 2 38034 14 18 338
306400 38522 2 38078 14 18 338
306800 38572 2 38128 14 18 338
307200 38625 2 38175 14 18 338
307600 38668 2 38232 14 18 338
308000 38723 2 38277 14 18 338
308400 38779 2 38321 14 18 338
308800 38830 2 38370 14 18 338
309200 38876 2 38424 14 18 338
309600 38927 2 38473 14 18 338
310000 38972 2 38528 14 18 338
310400 39022 2 38578 14 18 338
310800 39069 2 38631 14 18 338
311200 39110 2 38690 14 18 338
311600 39164 2 38736 14 18 338
312000 39213 2 38787 14 18 338
312400 39254 2 38846 14 18 338
312800 39303 2 38897 14 18 338
313200 39355 2 38945 14 18 338
313600 39412 2 38988 14 18 338
314000 39463 2 39037 14 18 338
314400 39502 2 39098 14 18 338
314800 39552 2 39148 14 18 338
315200 39606 2 39194 14 18 338
315600 39649 2 39251 14 18 338
316000 39699 2 39301 14 18 338
316400 39740 2 39360 14 18 338
316800 39790 2 39410 14 18 338
317200 39841 2 39459 14 18 338
317600 39892 2 39508 14 18 338
318000 39943 2 39557 14 18 338
318400 39989 2 39611 14 18 338
318800 40031 2 39669 14 18 338
319200 40080 2 39720 14 18 338
319600 40127 2 39773 14 18 338
320000 40171 2 39829 14 18 338
320400 40228 2 39872 14 18 338
320800 40278 2 39922 14 18 338
321200 40326 2 39974 14 18 338
321600 40379 2 40021 14 18 338
322000 40423 2 40077 14 18 338
322400 40471 2 40129 14 18 338
322800 40527 2 40173 14 18 338
323200 40581 2 40219 14 18 338
323600 40633 2 40267 14 18 338
324000 40684 2 40316 14 18 338
324400 40725 2 40375 14 18 338
324800 40785 2 40415 14 18 338
325200 40827 2 40473 14 18 338
325600 40874 2 40526 14 18 338
326000 40924 2 40576 14 18 338
326400 40973 2 40627 14 18 338
326800 41025 2 40675 14 18 338
327200 41079 2 40721 14 18 338
327600 41130 2 40770 14 18 338
328000 41179 2 40821 14 18 338
328400 41230 2 40870 14 18 338
328800 41279 2 40921 14 18 338
329200 41326 2 40974 14 18 338
329600 41376 2 41024 14 18 338
330000 41438 2 41062 14 18 338
330400 41485 2 41115 14 18 338
330800 41543 2 41157 14 18 338
331200 41587 2 41213 14 18 338
331600 41635 2 41265 14 18 338
332000 41680 2 41320 14 18 338
332400 41722 2 41378 14 18 338
332800 41767 2 41433 14 18 338
333200 41824 2 41476 14 18 338
333600 41877 2 41523 14 18 338
334000 41928 2 41572 14 18 338
334400 41975 2 41625 14 18 338
334800 42030 2 41670 14 18 338
335200 42084 2 41716 14 18 338
335600 42133 2 41767 14 18 338
336000 42186 2 41814 14 18 338
336400 42237 2 41863 14 18 338
336800 42281 2 41919 15 17 337
337200 42343 2 41957 15 17 337
337600 42399 2 42001 15 17 337
338000 42458 2 42042 15 17 337
338400 42513 2 42087 15 17 337
338800 42559 2 42141 15 17 337
339200 42610 2 42190 15 17 337
339600 42662 2 42238 15 17 337
340000 42707 2 42293 15 17 337
340400 42753 2 42347 15 17 337
340800 42795 2 42405 15 17 337
341200 42841 2 42459 15 17 337
341600 42884 2 42516 15 17 337
342000 42938 2 42562 15 17 337
342400 42988 2 42612 15 17 337
342800 43047 2 42653 15 17 337
343200 43088 2 42712 15 17 337
343600 43136 2 42764 15 17 337
344000 43182 2 42818 15 17 337
344400 43231 2 42869 15 17 337
344800 43284 2 42916 15 17 337
345200 43333 2 42967 15 17 337
345600 43381 2 43019 15 17 337
346000 43429 2 43071 15 17 337
346400 43479 2 43121 15 17 337
346800 43529 3 43171 16 17 337
347200 43579 3 43221 16 17 337
347600 43620 3 43280 16 17 337
348000 43663 3 43337 16 17 337
348400 43707 3 43393 16 17 337
348800 43762 3 43438 17 16 336
349200 43809 3 43491 17 16 336
349600 43856 3 43544 17 16 336
350000 43900 3 43600 17 16 336
350400 43952 3 43648 17 16 336
350800 44005 3 43695 17 16 336
351200 44053 3 43747 17 16 336
351600 44108 3 43792 17 16 336
352000 44155 3 43845 17 16 336
352400 44207 3 43893 17 16 336
352800 44258 3 43942 17 16 336
353200 44308 3 43992 17 16 336
353600 44358 3 44042 17 16 336
354000 44401 3 44099 17 16 336
354400 44450 3 44150 17 16 336
354800 44492 3 44208 17 16 336
355200 44536 3 44264 17 16 336
355600 44579 3 44321 17 16 336
356000 44630 3 44370 17 16 336
356400 44688 3 44412 17 16 336
356800 44732 3 44468 17 16 336
357200 44778 3 44522 17 16 336
357600 44833 3 44567 17 16 336
358000 44886 3 44614 17 16 336
358400 44939 3 44661 17 16 336
358800 44987 3 44713 17 16 336
359200 45038 3 44762 17 16 336
359600 45079 3 44821 17 16 336
360000 45133 3 44867 17 16 336
360400 45190 3 44910 17 16 336
360800 45245 3 44955 17 16 336
361200 45295 3 45005 17 16 336
361600 45341 3 45059 17 16 336
362000 45386 3 45114 17 16 336
362400 45435 3 45165 17 16 336
362800 45485 3 45215 17 16 336
363200 45544 3 45256 17 16 336
363600 45597 3 45303 17 16 336
364000 45645 3 45355 17 16 336
364400 45689 3 45411 17 16 336
364800 45733 3 45467 17 16 336
365200 45787 3 45513 17 16 336
365600 45834 3 45566 17 16 336
366000 45884 3 45616 17 16 336
366400 45940 3 45660 17 16 336
366800 45989 3 45711 17 16 336
367200 46034 3 45766 17 16 336
367600 46088 3 45812 17 16 336
368000 46137 3 45863 17 16 336
368400 46185 3 45915 17 16 336
368800 46232 3 45968 17 16 336
369200 46283 3 46017 17 16 336
369600 46336 3 46064 17 16 336
370000 46388 3 46112 17 16 336
370400 46431 3 46169 17 16 336
370800 46482 3 46218 17 16 336
371200 46532 3 46268 17 16 336
371600 46577 3 46323 17 16 336
372000 46630 3 46370 17 16 336
372400 46690 3 46410 17 16 336
372800 46737 3 46463 17 16 336
373200 46791 3 46509 17 16 336
373600 46836 3 46564 17 16 336
374000 46887 3 46613 17 16 336
374400 46936 3 46664 17 16 336
374800 46988 3 46712 17 16 336
375200 47044 3 46756 17 16 336
375600 47094 3 46806 17 16 336
376000 47146 3 46854 17 16 336
376400 47196 3 46904 17 16 336
376800 47254 3 46946 17 16 336
377200 47300 3 47000 17 16 336
377600 47352 3 47048 17 16 336
378000 47403 3 47097 17 16 336
378400 47459 3 47141 17 16 336
378800 47500 3 47200 17 16 336
379200 47550 3 47250 17 16 336
379600 47598 3 47302 17 16 336
380000 47648 3 47352 17 16 336
380400 47690 3 47410 17 16 336
380800 47739 3 47461 17 16 336
381200 47789 3 47511 17 16 336
381600 47838 3 47562 17 16 336
382000 47877 3 47623 17 16 336
382400 47922 3 47678 17 16 336
382800 47963 3 47737 17 16 336
383200 48008 3 47792 17 16 336
383600 48053 3 47847 17 16 336
384000 48102 3 47898 17 16 336
384400 48158 3 47942 17 16 336
384800 48216 3 47984 17 16 336
385200 48275 3 48025 17 16 336
385600 48324 3 48076 17 16 336
386000 48376 3 48124 17 16 336
386400 48426 3 48174 17 16 336
386800 48472 3 48228 17 16 336
387200 48522 3 48278 17 16 336
387600 48576 3 48324 17 16 336
388000 48635 3 48365 17 16 336
388400 48682 3 48418 17 16 336
388800 48733 3 48467 17 16 336
389200 48779 3 48521 17 16 336
389600 48834 3 48566 17 16 336
390000 48886 3 48614 17 16 336
390400 48936 3 48664 17 16 336
390800 48986 3 48714 17 16 336
391200 49034 3 48766 17 16 336
391600 49081 3 48819 17 16 336
392000 49133 3 48867 17 16 336
392400 49185 3 48915 17 16 336
392800 49235 3 48965 17 16 336
393200 49288 3 49012 17 16 336
393600 49339 3 49061 17 16 336
394000 49394 3 49106 17 16 336
394400 49446 3 49154 17 16 336
394800 49490 3 49210 17 16 336
395200 49542 3 49258 17 16 336
395600 49600 3 49300 17 16 336
396000 49650 3 49350 17 16 336
396400 49709 3 49391 17 16 336
396800 49757 3 49443 17 16 336
397200 49805 3 49495 17 16 336
397600 49861 3 49539 17 16 336
398000 49910 3 49590 17 16 336
398400 49957 3 49643 17 16 336
398800 50007 3 49693 17 16 336
399200 50055 3 49745 17 16 336
399600 50104 3 49796 17 16 336
400000 50152 3 49848 17 16 336
400400 50201 3 49899 17 16 336
400800 50247 3 49953 17 16 336
401200 50299 3 50001 17 16 336
401600 50352 3 50048 17 16 336
402000 50406 3 50094 17 16 336
402400 50450 3 50150 17 16 336
402800 50494 3 50206 17 16 336
403200 50545 3 50255 17 16 336
403600 50597 3 50303 17 16 336
404000 50640 3 50360 17 16 336
404400 50682 3 50418 17 16 336
404800 50738 3 50462 17 16 336
405200 50790 3 50510 17 16 336
405600 50836 3 50564 17 16 336
406000 50896 3 50604 17 16 336
406400 50949 3 50651 17 16 336
406800 51003 3 50697 17 16 336
407200 51057 3 50743 17 16 336
407600 51101 3 50799 17 16 336
408000 51148 3 50852 17 16 336
408400 51197 3 50903 17 16 336
408800 51256 3 50944 17 16 336
409200 51300 3 51000 17 16 336
409600 51347 3 51053 17 16 336
410000 51400 3 51100 17 16 336
410400 51449 3 51151 17 16 336
410800 51499 3 51201 17 16 336
411200 51544 3 51256 17 16 336
411600 51588 3 51312 17 16 336
412000 51636 3 51364 17 16 336
412400 51691 3 51409 17 16 336
412800 51737 3 51463 17 16 336
413200 51797 3 51503 17 16 336
413600 51851 3 51549 17 16 336
414000 51908 3 51592 17 16 336
414400 51958 3 51642 17 16 336
414800 52013 3 51687 17 16 336
415200 52063 3 51737 17 16 336
415600 52114 3 51786 17 16 336
416000 52167 3 51833 17 16 336
416400 52213 3 51887 17 16 336
416800 52262 3 51938 17 16 336
417200 52301 3 51999 17 16 336
417600 52349 3 52051 17 16 336
418000 52398 3 52102 17 16 336
418400 52455 3 52145 17 16 336
418800 52500 3 52200 17 16 336
419200 52544 3 52256 17 16 336
419600 52593 3 52307 17 16 336
420000 52633 3 52367 17 16 336
420400 52685 3 52415 17 16 336
420800 52728 3 52472 17 16 336
421200 52766 3 52534 17 16 336
421600 52826 3 52574 17 16 336
422000 52882 3 52618 17 16 336
422400 52929 3 52671 17 16 336
422800 52974 3 52726 17 16 336
423200 53028 3 52772 17 16 336
423600 53081 3 52819 17 16 336
424000 53138 3 52862 17 16 336
424400 53190 3 52910 17 16 336
424800 53241 3 52959 17 16 336
425200 53291 3 53009 17 16 336
425600 53353 3 53047 17 16 336
426000 53409 3 53091 17 16 336
426400 53452 3 53148 17 16 336
426800 53509 3 53191 17 16 336
427200 53551 3 53249 17 16 336
427600 53605 3 53295 17 16 336
428000 53658 3 53342 17 16 336
428400 53712 3 53388 17 16 336
428800 53770 3 53430 17 16 336
429200 53819 3 53481 17 16 336
429600 53867 3 53533 17 16 336
430000 53918 3 53582 17 16 336
430400 53971 3 53629 17 16 336
430800 54023 3 53677 17 16 336
431200 54072 3 53728 17 16 336
431600 54119 3 53781 17 16 336
432000 54172 3 53828 17 16 336
432400 54220 3 53880 17 16 336
432800 54277 3 53923 17 16 336
433200 54331 3 53969 17 16 336
433600 54383 3 54017 17 16 336
434000 54425 3 54075 17 16 336
434400 54473 3 54127 17 16 336
434800 54527 3 54173 17 16 336
435200 54576 3 54224 17 16 336
435600 54628 3 54272 17 16 336
436000 54680 3 54320 17 16 336
436400 54731 3 54369 17 16 336
436800 54780 3 54420 17 16 336
437200 54831 3 54469 17 16 336
437600 54879 3 54521 17 16 336
438000 54929 3 54571 17 16 336
438400 54976 3 54624 17 16 336
438800 55026 3 54674 17 16 336
439200 55077 3 54723 17 16 336
439600 55128 3 54772 17 16 336
440000 55171 3 54829 17 16 336
440400 55222 3 54878 17 16 336
440800 55268 3 54932 17 16 336
441200 55320 3 54980 17 16 336
441600 55372 3 55028 17 16 336
442000 55425 3 55075 17 16 336
442400 55479 3 55121 17 16 336
442800 55527 3 55173 17 16 336
443200 55574 3 55226 17 16 336
443600 55623 3 55277 17 16 336
444000 55666 3 55334 17 16 336
444400 55713 3 55387 17 16 336
444800 55763 3 55437 17 16 336
445200 55812 3 55488 17 16 336
445600 55869 3 55531 17 16 336
446000 55915 3 55585 17 16 336
446400 55957 3 55643 17 16 336
446800 56011 3 55689 17 16 336
447200 56059 3 55741 17 16 336
447600 56106 3 55794 17 16 336
448000 56151 3 55849 17 16 336
448400 56203 3 55897 17 16 336
448800 56254 3 55946 17 16 336
449200 56315 3 55985 17 16 336
449600 56367 3 56033 17 16 336
450000 56419 3 56081 17 16 336
450400 56466 3 56134 17 16 336
450800 56513 3 56187 17 16 336
451200 56556 3 56244 17 16 336
451600 56605 3 56295 17 16 336
452000 56645 3 56355 17 16 336
452400 56691 3 56409 17 16 336
452800 56740 3 56460 17 16 336
453200 56786 3 56514 17 16 336
453600 56834 3 56566 17 16 336
454000 56885 3 56615 17 16 336
454400 56935 3 56665 17 16 336
454800 56992 3 56708 17 16 336
455200 57034 3 56766 17 16 336
455600 57083 3 56817 17 16 336
456000 57141 3 56859 17 16 336
456400 57192 3 56908 17 16 336
456800 57253 3 56947 17 16 336
457200 57294 3 57006 17 16 336
457600 57352 3 57048 17 16 336
458000 57404 3 57096 17 16 336
458400 57454 3 57146 17 16 336
458800 57507 3 57193 17 16 336
459200 57549 3 57251 17 16 336
459600 57600 3 57300 17 16 336
460000 57652 3 57348 17 16 336
460400 57701 3 57399 17 16 336
460800 57749 3 57451 17 16 336
461200 57802 3 57498 17 16 336
461600 57851 3 57549 17 16 336
462000 57910 3 57590 17 16 336
462400 57961 3 57639 17 16 336
462800 58005 3 57695 17 16 336
463200 58055 3 57745 17 16 336
463600 58109 3 57791 17 16 336
464000 58156 3 57844 17 16 336
464400 58207 3 57893 17 16 336
464800 58252 3 57948 17 16 336
465200 58305 3 57995 17 16 336
465600 58356 3 58044 17 16 336
466000 58409 3 58091 17 16 336
466400 58464 3 58136 17 16 336
466800 58518 3 58182 17 16 336
467200 58573 3 58227 17 16 336
467600 58626 3 58274 17 16 336
468000 58671 3 58329 17 16 336
468400 58723 3 58377 17 16 336
468800 58779 3 58421 17 16 336
469200 58832 3 58468 17 16 336
469600 58884 3 58516 17 16 336
470000 58936 3 58564 17 16 336
470400 58991 3 58609 17 16 336
470800 59048 3 58652 17 16 336
471200 59091 3 58709 17 16 336
471600 59149 3 58751 17 16 336
472000 59193 3 58807 17 16 336
472400 59241 3 58859 17 16 336
472800 59293 3 58907 17 16 336
473200 59346 3 58954 17 16 336
473600 59396 4 59004 17 17 337
474000 59448 4 59052 17 17 337
474400 59493 4 59107 17 17 337
474800 59536 4 59164 17 17 337
475200 59583 4 59217 17 17 337
475600 59641 4 59259 17 17 337
476000 59690 4 59310 17 17 337
476400 59737 4 59363 17 17 337
476800 59780 4 59420 17 17 337
477200 59833 4 59467 17 17 337
477600 59884 4 59516 17 17 337
478000 59929 4 59571 17 17 337
478400 59981 4 59619 17 17 337
478800 60036 4 59664 17 17 337
479200 60097 5 59703 18 17 337
479600 60147 5 59753 18 17 337
480000 60208 5 59792 18 17 337
480400 60258 5 59842 18 17 337
480800 60302 5 59898 18 17 337
481200 60350 5 59950 18 17 337
481600 60408 5 59992 18 17 337
482000 60465 5 60035 18 17 337
482400 60516 5 60084 18 17 337
482800 60568 5 60132 18 17 337
483200 60616 5 60184 18 17 337
483600 60661 5 60239 18 17 337
484000 60713 5 60287 18 17 337
484400 60762 5 60338 18 17 337
484800 60807 5 60393 18 17 337
485200 60858 5 60442 19 16 336
485600 60899 5 60501 19 16 336
486000 60946 5 60554 19 16 336
486400 61001 5 60599 19 16 336
486800 61052 5 60648 19 16 336
487200 61096 5 60704 19 16 336
487600 61147 5 60753 19 16 336
488000 61200 5 60800 19 16 336
488400 61249 5 60851 19 16 336
488800 61297 5 60903 19 16 336
489200 61348 5 60952 19 16 336
489600 61399 5 61001 20 15 335
490000 61454 5 61046 20 15 335
490400 61505 5 61095 20 15 335
490800 61552 5 61148 20 15 335
491200 61602 5 61198 20 15 335
491600 61659 5 61241 20 15 335
492000 61714 5 61286 20 15 335
492400 61764 5 61336 20 15 335
492800 61814 5 61386 20 15 335
493200 61872 5 61428 20 15 335
493600 61919 5 61481 20 15 335
494000 61971 5 61529 20 15 335
494400 62027 5 61573 20 15 335
494800 62074 5 61626 20 15 335
495200 62120 5 61680 20 15 335
495600 62164 5 61736 20 15 335
496000 62215 5 61785 20 15 335
496400 62265 5 61835 20 15 335
496800 62313 5 61887 20 15 335
497200 62362 5 61938 20 15 335
497600 62405 5 61995 20 15 335
498000 62454 5 62046 20 15 335
498400 62511 5 62089 20 15 335
498800 62566 5 62134 20 15 335
499200 62619 5 62181 20 15 335
499600 62674 5 62226 20 15 335
500000 62713 5 62287 20 15 335
500400 62760 5 62340 20 15 335
500800 62810 5 62390 20 15 335
501200 62868 5 62432 20 15 335
501600 62916 5 62484 20 15 335
502000 62974 5 62526 20 15 335
502400 63029 5 62571 20 15 335
502800 63079 5 62621 20 15 335
503200 63124 5 62676 20 15 335
503600 63176 5 62724 20 15 335
504000 63237 5 62763 20 15 335
504400 63289 5 62811 20 15 335
504800 63327 5 62873 20 15 335
505200 63377 5 62923 21 14 334
505600 63435 5 62965 21 14 334
506000 63486 5 63014 21 14 334
506400 63541 5 63059 21 14 334
506800 63593 5 63107 21 14 334
507200 63642 5 63158 21 14 334
507600 63692 5 63208 21 14 334
508000 63742 5 63258 21 14 334
508400 63801 5 63299 21 14 334
508800 63846 5 63354 21 14 334
509200 63889 5 63411 21 14 334
509600 63940 5 63460 21 14 334
510000 63990 5 63510 21 14 334
510400 64040 5 63560 21 14 334
510800 64094 5 63606 21 14 334
511200 64146 5 63654 21 14 334
511600 64190 5 63710 21 14 334
512000 64235 5 63765 21 14 334
512400 64296 5 63804 21 14 334
512800 64353 5 63847 21 14 334
513200 64400 5 63900 21 14 334
513600 64443 5 63957 21 14 334
514000 64491 5 64009 21 14 334
514400 64550 5 64050 21 14 334
514800 64594 5 64106 21 14 334
515200 64642 5 64158 21 14 334
515600 64694 5 64206 21 14 334
516000 64740 5 64260 21 14 334
516400 64805 5 64295 21 14 334
516800 64855 5 64345 21 14 334
517200 64904 5 64396 21 14 334
517600 64953 5 64447 21 14 334
518000 65003 5 64497 21 14 334
518400 65056 5 64544 21 14 334
518800 65110 5 64590 21 14 334
519200 65168 5 64632 21 14 334
519600 65223 5 64677 21 14 334
520000 65264 5 64736 21 14 334
520400 65320 5 64780 21 14 334
520800 65363 5 64837 21 14 334
521200 65411 5 64889 21 14 334
521600 65459 5 64941 21 14 334
522000 65511 5 64989 21 14 334
522400 65565 5 65035 21 14 334
522800 65621 5 65079 21 14 334
523200 65676 5 65124 21 14 334
523600 65724 5 65176 21 14 334
524000 65779 5 65221 21 14 334
524400 65835 5 65265 21 14 334
524800 65884 5 65316 21 14 334
525200 65933 5 65367 21 14 334
525600 65979 5 65421 21 14 334
526000 66036 5 65464 21 14 334
526400 66082 5 65518 21 14 334
526800 66128 5 65572 21 14 334
527200 66179 5 65621 21 14 334
527600 66238 5 65662 21 14 334
528000 66287 5 65713 21 14 334
528400 66339 5 65761 21 14 334
528800 66382 5 65818 21 14 334
529200 66427 5 65873 21 14 334
529600 66470 5 65930 21 14 334
530000 66524 5 65976 21 14 334
530400 66576 5 66024 21 14 334
530800 66626 5 66074 21 14 334
531200 66661 5 66139 21 14 334
531600 66714 5 66186 21 14 334
532000 66769 5 66231 21 14 334
532400 66825 5 66275 21 14 334
532800 66871 5 66329 21 14 334
533200 66930 5 66370 21 14 334
533600 66973 5 66427 21 14 334
534000 67031 5 66469 21 14 334
534400 67083 5 66517 21 14 334
534800 67134 5 66566 21 14 334
535200 67180 5 66620 21 14 334
535600 67233 5 66667 21 14 334
536000 67292 5 66708 21 14 334
536400 67342 5 66758 21 14 334
536800 67393 5 66807 21 14 334
537200 67444 5 66856 21 14 334
537600 67491 5 66909 21 14 334
538000 67530 5 66970 21 14 334
538400 67578 5 67022 21 14 334
538800 67639 5 67061 21 14 334
539200 67696 5 67104 21 14 334
539600 67750 5 67150 21 14 334
540000 67794 5 67206 21 14 334
540400 67851 5 67249 21 14 334
540800 67902 5 67298 21 14 334
541200 67955 5 67345 21 14 334
541600 68005 5 67395 21 14 334
542000 68054 5 67446 21 14 334
542400 68099 5 67501 21 14 334
542800 68157 5 67543 21 14 334
543200 68212 5 67588 21 14 334
543600 68265 5 67635 21 14 334
544000 68308 5 67692 21 14 334
544400 68358 5 67742 21 14 334
544800 68416 5 67784 21 14 334
545200 68460 5 67840 21 14 334
545600 68515 5 67885 21 14 334
546000 68559 5 67941 21 14 334
546400 68617 5 67983 21 14 334
546800 68666 5 68034 21 14 334
547200 68716 5 68084 21 14 334
547600 68768 5 68132 21 14 334
548000 68823 5 68177 21 14 334
548400 68864 5 68236 21 14 334
548800 68912 5 68288 21 14 334
549200 68966 5 68334 21 14 334
549600 69018 5 68382 21 14 334
550000 69068 5 68432 21 14 334
550400 69110 5 68490 21 14 334
550800 69165 5 68535 21 14 334
551200 69214 5 68586 21 14 334
551600 69264 5 68636 21 14 334
552000 69315 5 68685 21 14 334
552400 69369 5 68731 21 14 334
552800 69421 5 68779 21 14 334
553200 69477 5 68823 21 14 334
553600 69527 5 68873 21 14 334
554000 69582 5 68918 21 14 334
554400 69640 5 68960 21 14 334
554800 69688 5 69012 21 14 334
555200 69736 5 69064 21 14 334
555600 69790 5 69110 21 14 334
556000 69833 5 69167 21 14 334
556400 69882 5 69218 21 14 334
556800 69936 5 69264 21 14 334
557200 69985 5 69315 21 14 334
557600 70038 5 69362 21 14 334
558000 70076 5 69424 21 14 334
558400 70123 5 69477 21 14 334
558800 70175 5 69525 21 14 334
559200 70224 5 69576 21 14 334
559600 70276 5 69624 21 14 334
560000 70330 5 69670 21 14 334
560400 70384 5 69716 21 14 334
560800 70431 5 69769 21 14 334
561200 70486 5 69814 21 14 334
561600 70532 5 69868 21 14 334
562000 70582 5 69918 21 14 334
562400 70636 5 69964 21 14 334
562800 70687 5 70013 21 14 334
563200 70739 5 70061 21 14 334
563600 70789 5 70111 21 14 334
564000 70840 5 70160 21 14 334
564400 70891 5 70209 21 14 334
564800 70939 5 70261 21 14 334
565200 70984 5 70316 21 14 334
565600 71033 5 70367 21 14 334
566000 71092 5 70408 21 14 334
566400 71138 5 70462 21 14 334
566800 71185 5 70515 21 14 334
567200 71242 5 70558 21 14 334
567600 71291 5 70609 21 14 334
568000 71328 5 70672 21 14 334
568400 71384 5 70716 21 14 334
568800 71438 5 70762 21 14 334
569200 71485 5 70815 21 14 334
569600 71530 5 70870 21 14 334
570000 71581 5 70919 21 14 334
570400 71642 5 70958 21 14 334
570800 71691 5 71009 21 14 334
571200 71743 5 71057 21 14 334
571600 71788 5 71112 21 14 334
572000 71840 5 71160 21 14 334
572400 71882 5 71218 21 14 334
572800 71935 5 71265 21 14 334
573200 71985 5 71315 21 14 334
573600 72043 5 71357 21 14 334
574000 72087 5 71413 21 14 334
574400 72137 5 71463 21 14 334
574800 72186 5 71514 21 14 334
575200 72237 5 71563 21 14 334
575600 72286 5 71614 21 14 334
576000 72330 5 71670 21 14 334
576400 72376 5 71724 21 14 334
576800 72434 5 71766 21 14 334
577200 72483 5 71817 21 14 334
577600 72532 5 71868 21 14 334
578000 72585 5 71915 21 14 334
578400 72636 5 71964 21 14 334
578800 72691 5 72009 21 14 334
579200 72743 5 72057 21 14 334
579600 72800 5 72100 21 14 334
580000 72859 5 72141 21 14 334
580400 72903 5 72197 21 14 334
580800 72955 5 72245 21 14 334
581200 72997 5 72303 21 14 334
581600 73048 5 72352 21 14 334
582000 73098 5 72402 21 14 334
582400 73150 5 72450 21 14 334
582800 73200 5 72500 21 14 334
583200 73255 5 72545 21 14 334
583600 73305 5 72595 21 14 334
584000 73357 5 72643 21 14 334
584400 73416 5 72684 21 14 334
584800 73467 5 72733 21 14 334
585200 73519 5 72781 21 14 334
585600 73572 5 72828 21 14 334
586000 73610 5 72890 21 14 334
586400 73662 5 72938 21 14 334
586800 73710 6 72990 21 15 335
587200 73765 6 73035 21 15 335
587600 73818 6 73082 21 15 335
588000 73872 6 73128 21 15 335
588400 73926 6 73174 21 15 335
588800 73977 6 73223 21 15 335
589200 74033 6 73267 21 15 335
589600 74075 6 73325 21 15 335
590000 74126 6 73374 21 15 335
590400 74179 6 73421 21 15 335
590800 74228 6 73472 21 15 335
591200 74281 6 73519 21 15 335
591600 74328 6 73572 21 15 335
592000 74373 6 73627 21 15 335
592400 74431 6 73669 21 15 335
592800 74477 6 73723 21 15 335
593200 74532 6 73768 21 15 335
593600 74579 6 73821 21 15 335
594000 74626 6 73874 21 15 335
594400 74682 6 73918 21 15 335
594800 74740 6 73960 21 15 335
595200 74779 6 74021 21 15 335
595600 74830 6 74070 21 15 335
596000 74883 6 74117 21 15 335
596400 74925 6 74175 21 15 335
596800 74964 6 74236 21 15 335
597200 75008 6 74292 21 15 335
597600 75060 6 74340 21 15 335
598000 75104 6 74396 21 15 335
598400 75159 6 74441 21 15 335
598800 75207 6 74493 21 15 335
599200 75254 6 74546 21 15 335
599600 75301 6 74599 21 15 335
600000 75348 6 74652 21 15 335
600400 75400 6 74700 21 15 335
600800 75442 6 74758 21 15 335
601200 75490 6 74810 21 15 335
601600 75532 6 74868 21 15 335
602000 75581 6 74919 21 15 335
602400 75630 6 74970 21 15 335
602800 75680 6 75020 21 15 335
603200 75737 6 75063 21 15 335
603600 75785 6 75115 21 15 335
604000 75835 6 75165 21 15 335
604400 75886 6 75214 21 15 335
604800 75934 6 75266 21 15 335
605200 75983 6 75317 21 15 335
605600 76030 6 75370 21 15 335
606000 76082 6 75418 21 15 335
606400 76128 6 75472 21 15 335
606800 76174 6 75526 21 15 335
607200 76226 6 75574 21 15 335
607600 76273 6 75627 21 15 335
608000 76324 6 75676 21 15 335
608400 76378 6 75722 21 15 335
608800 76420 6 75780 21 15 335
609200 76464 6 75836 21 15 335
609600 76516 6 75884 21 15 335
610000 76558 6 75942 21 15 335
610400 76602 6 75998 21 15 335
610800 76652 6 76048 21 15 335
611200 76702 6 76098 21 15 335
611600 76752 6 76148 21 15 335
612000 76800 6 76200 21 15 335
612400 76850 6 76250 21 15 335
612800 76902 6 76298 21 15 335
613200 76959 6 76341 21 15 335
613600 77016 6 76384 21 15 335
614000 77062 6 76438 21 15 335
614400 77116 6 76484 21 15 335
614800 77165 6 76535 21 15 335
615200 77213 6 76587 21 15 335
615600 77259 6 76641 21 15 335
616000 77315 6 76685 21 15 335
616400 77373 6 76727 21 15 335
616800 77422 6 76778 21 15 335
617200 77478 6 76822 21 15 335
617600 77533 6 76867 21 15 335
618000 77577 6 76923 21 15 335
618400 77628 6 76972 21 15 335
618800 77681 6 77019 21 15 335
619200 77732 6 77068 21 15 335
619600 77791 6 77109 21 15 335
620000 77836 6 77164 21 15 335
620400 77884 6 77216 21 15 335
620800 77937 6 77263 21 15 335
621200 77994 6 77306 21 15 335
621600 78043 6 77357 21 15 335
622000 78104 6 77396 21 15 335
622400 78149 6 77451 21 15 335
622800 78199 6 77501 21 15 335
623200 78249 6 77551 21 15 335
623600 78305 6 77595 21 15 335
624000 78357 6 77643 21 15 335
624400 78408 6 77692 21 15 335
624800 78460 6 77740 21 15 335
625200 78513 6 77787 21 15 335
625600 78559 6 77841 21 15 335
626000 78608 6 77892 21 15 335
626400 78660 6 77940 21 15 335
626800 78709 6 77991 21 15 335
627200 78765 6 78035 21 15 335
627600 78817 6 78083 21 15 335
628000 78871 6 78129 21 15 335
628400 78917 6 78183 21 15 335
628800 78969 6 78231 21 15 335
629200 79012 6 78288 21 15 335
629600 79063 6 78337 21 15 335
630000 79116 6 78384 22 14 334
630400 79163 6 78437 22 14 334
630800 79219 6 78481 22 14 334
631200 79268 6 78532 22 14 334
631600 79315 6 78585 22 14 334
632000 79367 6 78633 22 14 334
632400 79414 6 78686 22 14 334
632800 79471 6 78729 22 14 334
633200 79526 6 78774 22 14 334
633600 79582 6 78818 22 14 334
634000 79629 6 78871 22 14 334
634400 79681 6 78919 22 14 334
634800 79726 6 78974 22 14 334
635200 79780 6 79020 22 14 334
635600 79836 6 79064 22 14 334
636000 79892 6 79108 22 14 334
636400 79952 6 79148 22 14 334
636800 80005 6 79195 22 14 334
637200 80059 6 79241 22 14 334
637600 80100 6 79300 22 14 334
638000 80151 6 79349 22 14 334
638400 80198 6 79402 22 14 334
638800 80238 6 79462 22 14 334
639200 80285 6 79515 22 14 334
639600 80336 6 79564 22 14 334
640000 80391 6 79609 22 14 334
640400 80437 6 79663 22 14 334
640800 80494 6 79706 22 14 334
641200 80544 6 79756 22 14 334
641600 80591 6 79809 22 14 334
642000 80638 6 79862 22 14 334
642400 80692 6 79908 22 14 334
642800 80751 6 79949 22 14 334
643200 80810 6 79990 22 14 334
643600 80863 6 80037 22 14 334
644000 80905 6 80095 22 14 334
644400 80957 6 80143 22 14 334
644800 81001 6 80199 22 14 334
645200 81040 6 80260 22 14 334
645600 81086 6 80314 22 14 334
646000 81138 6 80362 22 14 334
646400 81193 6 80407 22 14 334
646800 81244 6 80456 22 14 334
647200 81300 6 80500 22 14 334
647600 81349 6 80551 23 13 333
648000 81402 6 80598 23 13 333
648400 81455 6 80645 23 13 333
648800 81510 6 80690 23 13 333
649200 81557 6 80743 23 13 333
649600 81606 6 80794 23 13 333
650000 81656 6 80844 23 13 333
650400 81698 6 80902 23 13 333
650800 81751 6 80949 23 13 333
651200 81795 6 81005 23 13 333
651600 81836 6 81064 23 13 333
652000 81891 6 81109 23 13 333
652400 81948 6 81152 23 13 333
652800 81995 6 81205 23 13 333
653200 82042 6 81258 23 13 333
653600 82094 6 81306 23 13 333
654000 82155 6 81345 23 13 333
654400 82204 6 81396 23 13 333
654800 82250 6 81450 23 13 333
655200 82300 6 81500 23 13 333
655600 82347 6 81553 23 13 333
656000 82392 6 81608 23 13 333
656400 82431 6 81669 23 13 333
656800 82475 6 81725 23 13 333
657200 82530 6 81770 23 13 333
657600 82577 6 81823 23 13 333
658000 82635 6 81865 23 13 333
658400 82680 6 81920 23 13 333
658800 82728 6 81972 23 13 333
659200 82772 6 82028 23 13 333
659600 82824 6 82076 23 13 333
660000 82876 6 82124 23 13 333
660400 82930 6 82170 23 13 333
660800 82981 6 82219 23 13 333
661200 83025 6 82275 23 13 333
661600 83070 6 82330 23 13 333
662000 83118 6 82382 23 13 333
662400 83163 6 82437 23 13 333
662800 83208 6 82492 23 13 333
663200 83267 6 82533 23 13 333
663600 83317 6 82583 23 13 333
664000 83371 6 82629 23 13 333
664400 83422 6 82678 23 13 333
664800 83472 6 82728 23 13 333
665200 83519 6 82781 23 13 333
665600 83570 6 82830 23 13 333
666000 83623 6 82877 23 13 333
666400 83671 6 82929 23 13 333
666800 83723 6 82977 23 13 333
667200 83777 6 83023 23 13 333
667600 83829 6 83071 23 13 333
668000 83881 6 83119 23 13 333
668400 83929 6 83171 23 13 333
668800 83984 6 83216 23 13 333
669200 84039 6 83261 23 13 333
669600 84091 6 83309 23 13 333
670000 84137 6 83363 23 13 333
670400 84179 6 83421 23 13 333
670800 84231 6 83469 23 13 333
671200 84287 6 83513 23 13 333
671600 84331 6 83569 23 13 333
672000 84380 6 83620 23 13 333
672400 84430 6 83670 23 13 333
672800 84487 6 83713 23 13 333
673200 84542 6 83758 23 13 333
673600 84595 6 83805 23 13 333
674000 84646 6 83854 23 13 333
674400 84692 6 83908 23 13 333
674800 84746 6 83954 23 13 333
675200 84799 6 84001 23 13 333
675600 84847 6 84053 23 13 333
676000 84896 6 84104 23 13 333
676400 84948 6 84152 23 13 333
676800 84992 6 84208 23 13 333
677200 85046 6 84254 23 13 333
677600 85101 6 84299 23 13 333
678000 85150 6 84350 23 13 333
678400 85204 6 84396 23 13 333
678800 85249 6 84451 23 13 333
679200 85302 6 84498 23 13 333
679600 85351 6 84549 23 13 333
680000 85405 7 84595 24 13 333
680400 85462 7 84638 24 13 333
680800 85514 7 84686 24 13 333
681200 85558 7 84742 24 13 333
681600 85597 7 84803 24 13 333
682000 85645 7 84855 24 13 333
682400 85698 7 84902 24 13 333
682800 85761 7 84939 24 13 333
683200 85804 7 84996 24 13 333
683600 85853 7 85047 24 13 333
684000 85900 7 85100 24 13 333
684400 85945 7 85155 24 13 333
684800 85995 7 85205 24 13 333
685200 86032 7 85268 24 13 333
685600 86088 7 85312 24 13 333
686000 86137 7 85363 24 13 333
686400 86184 7 85416 24 13 333
686800 86236 7 85464 24 13 333
687200 86278 7 85522 24 13 333
687600 86325 7 85575 24 13 333
688000 86366 7 85634 24 13 333
688400 86413 7 85687 24 13 333
688800 86463 7 85737 24 13 333
689200 86514 7 85786 24 13 333
689600 86565 7 85835 24 13 333
690000 86623 7 85877 24 13 333
690400 86675 7 85925 24 13 333
690800 86727 7 85973 24 13 333
691200 86768 7 86032 24 13 333
691600 86822 7 86078 24 13 333
692000 86872 7 86128 24 13 333
692400 86926 7 86174 24 13 333
692800 86976 7 86224 24 13 333
693200 87031 7 86269 24 13 333
693600 87079 7 86321 24 13 333
694000 87125 7 86375 24 13 333
694400 87175 7 86425 24 13 333
694800 87231 7 86469 24 13 333
695200 87289 7 86511 24 13 333
695600 87337 7 86563 24 13 333
696000 87385 7 86615 24 13 333
696400 87438 7 86662 24 13 333
696800 87478 7 86722 24 13 333
697200 87529 7 86771 24 13 333
697600 87582 7 86818 24 13 333
698000 87634 7 86866 24 13 333
698400 87686 7 86914 24 13 333
698800 87736 7 86964 24 13 333
699200 87792 7 87008 24 13 333
699600 87846 7 87054 24 13 333
700000 87898 7 87102 24 13 333
700400 87952 7 87148 24 13 333
700800 88000 7 87200 24 13 333
701200 88055 7 87245 24 13 333
701600 88112 7 87288 24 13 333
702000 88154 7 87346 24 13 333
702400 88199 7 87401 24 13 333
702800 88254 7 87446 24 13 333
703200 88310 7 87490 24 13 333
703600 88363 7 87537 24 13 333
704000 88413 7 87587 24 13 333
704400 88454 7 87646 24 13 333
704800 88506 7 87694 24 13 333
705200 88552 7 87748 24 13 333
705600 88601 7 87799 24 13 333
706000 88650 7 87850 24 13 333
706400 88697 7 87903 24 13 333
706800 88742 7 87958 24 13 333
707200 88788 7 88012 24 13 333
707600 88842 7 88058 24 13 333
708000 88889 7 88111 24 13 333
708400 88934 7 88166 24 13 333
708800 88990 7 88210 24 13 333
709200 89046 7 88254 24 13 333
709600 89094 7 88306 24 13 333
710000 89142 7 88358 24 13 333
710400 89194 7 88406 24 13 333
710800 89242 7 88458 24 13 333
711200 89284 7 88516 24 13 333
711600 89332 9 88568 25 14 334
712000 89384 9 88616 25 14 334
712400 89428 9 88672 25 14 334
712800 89478 9 88722 25 14 334
713200 89528 9 88772 25 14 334
713600 89576 9 88824 25 14 334
714000 89632 9 88868 25 14 334
714400 89676 9 88924 25 14 334
714800 89724 9 88976 25 14 334
715200 89775 9 89025 25 14 334
715600 89831 9 89069 25 14 334
716000 89879 9 89121 25 14 334
716400 89935 9 89165 25 14 334
716800 89988 9 89212 25 14 334
717200 90046 9 89254 25 14 334
717600 90100 9 89300 25 14 334
718000 90144 9 89356 25 14 334
718400 90188 9 89412 25 14 334
718800 90241 9 89459 25 14 334
719200 90298 9 89502 25 14 334
719600 90337 9 89563 25 14 334
720000 90389 9 89611 25 14 334
720400 90430 9 89670 25 14 334
720800 90478 9 89722 25 14 334
721200 90530 9 89770 25 14 334
721600 90578 9 89822 25 14 334
722000 90626 9 89874 25 14 334
722400 90683 9 89917 25 14 334
722800 90730 9 89970 25 14 334
723200 90774 9 90026 25 14 334
723600 90820 9 90080 25 14 334
724000 90867 9 90133 25 14 334
724400 90923 9 90177 25 14 334
724800 90973 9 90227 25 14 334
725200 91015 9 90285 25 14 334
725600 91069 9 90331 25 14 334
726000 91115 9 90385 25 14 334
726400 91161 9 90439 25 14 334
726800 91201 9 90499 25 14 334
727200 91252 9 90548 25 14 334
727600 91303 9 90597 25 14 334
728000 91351 9 90649 25 14 334
728400 91401 9 90699 25 14 334
728800 91455 9 90745 25 14 334
729200 91505 9 90795 25 14 334
729600 91546 9 90854 25 14 334
730000 91595 9 90905 25 14 334
730400 91645 9 90955 25 14 334
730800 91702 9 90998 25 14 334
731200 91747 9 91053 25 14 334
731600 91800 9 91100 25 14 334
732000 91857 9 91143 25 14 334
732400 91904 9 91196 25 14 334
732800 91954 9 91246 25 14 334
733200 92008 9 91292 25 14 334
733600 92051 9 91349 25 14 334
734000 92102 9 91398 25 14 334
734400 92139 9 91461 25 14 334
734800 92200 9 91500 25 14 334
735200 92254 9 91546 25 14 334
735600 92307 9 91593 25 14 334
736000 92355 9 91645 25 14 334
736400 92405 9 91695 25 14 334
736800 92451 9 91749 25 14 334
737200 92503 9 91797 25 14 334
737600 92554 9 91846 25 14 334
738000 92600 9 91900 25 14 334
738400 92642 9 91958 25 14 334
738800 92695 9 92005 25 14 334
739200 92740 9 92060 26 13 333
739600 92799 9 92101 26 13 333
740000 92847 9 92153 26 13 333
740400 92895 9 92205 26 13 333
740800 92950 9 92250 26 13 333
741200 93009 9 92291 26 13 333
741600 93059 9 92341 26 13 333
742000 93106 9 92394 26 13 333
742400 93166 9 92434 26 13 333
742800 93210 9 92490 26 13 333
743200 93265 9 92535 26 13 333
743600 93323 9 92577 26 13 333
744000 93372 9 92628 26 13 333
744400 93429 9 92671 26 13 333
744800 93485 9 92715 26 13 333
745200 93540 9 92760 26 13 333
745600 93586 9 92814 26 13 333
746000 93628 9 92872 26 13 333
746400 93681 9 92919 26 13 333
746800 93739 9 92961 26 13 333
747200 93783 9 93017 26 13 333
747600 93831 9 93069 26 13 333
748000 93886 9 93114 26 13 333
748400 93929 9 93171 26 13 333
748800 93990 9 93210 26 13 333
749200 94048 9 93252 26 13 333
749600 94101 9 93299 26 13 333
750000 94148 9 93352 26 13 333
750400 94198 10 93402 26 14 334
750800 94245 11 93455 26 15 335
751200 94302 11 93498 26 15 335
751600 94349 11 93551 26 15 335
752000 94402 11 93598 26 15 335
752400 94457 11 93643 27 14 334
752800 94505 11 93695 27 14 334
753200 94556 11 93744 27 14 334
753600 94602 11 93798 27 14 334
754000 94654 11 93846 27 14 334
754400 94703 11 93897 27 14 334
754800 94762 11 93938 27 14 334
755200 94802 11 93998 27 14 334
755600 94857 11 94043 27 14 334
756000 94905 11 94095 27 14 334
756400 94959 11 94141 27 14 334
756800 95008 11 94192 27 14 334
757200 95060 11 94240 27 14 334
757600 95109 11 94291 27 14 334
758000 95161 11 94339 27 14 334
758400 95212 11 94388 27 14 334
758800 95259 11 94441 27 14 334
759200 95314 11 94486 27 14 334
759600 95354 11 94546 27 14 334
760000 95401 11 94599 27 14 334
760400 95453 11 94647 27 14 334
760800 95500 11 94700 27 14 334
761200 95554 11 94746 27 14 334
761600 95603 11 94797 27 14 334
762000 95649 11 94851 27 14 334
762400 95700 11 94900 27 14 334
762800 95749 11 94951 27 14 334
763200 95805 11 94995 27 14 334
763600 95860 11 95040 27 14 334
764000 95909 11 95091 27 14 334
764400 95961 11 95139 27 14 334
764800 96018 11 95182 27 14 334
765200 96071 11 95229 27 14 334
765600 96120 11 95280 27 14 334
766000 96163 11 95337 27 14 334
766400 96217 11 95383 27 14 334
766800 96269 11 95431 27 14 334
767200 96314 11 95486 27 14 334
767600 96378 11 95522 27 14 334
768000 96432 11 95568 27 14 334
768400 96495 11 95605 27 14 334
768800 96547 11 95653 27 14 334
769200 96590 11 95710 27 14 334
769600 96642 11 95758 27 14 334
770000 96686 11 95814 27 14 334
770400 96731 11 95869 27 14 334
770800 96788 11 95912 27 14 334
771200 96833 11 95967 27 14 334
771600 96883 11 96017 27 14 334
772000 96936 11 96064 27 14 334
772400 96987 11 96113 27 14 334
772800 97050 11 96150 27 14 334
773200 97098 11 96202 27 14 334
773600 97149 11 96251 27 14 334
774000 97196 11 96304 27 14 334
774400 97256 11 96344 27 14 334
774800 97306 11 96394 27 14 334
775200 97348 11 96452 27 14 334
775600 97397 11 96503 27 14 334
776000 97452 11 96548 27 14 334
776400 97505 11 96595 27 14 334
776800 97561 11 96639 27 14 334
777200 97617 11 96683 27 14 334
777600 97664 11 96736 27 14 334
778000 97714 11 96786 27 14 334
778400 97764 11 96836 27 14 334
778800 97812 11 96888 27 14 334
779200 97857 11 96943 27 14 334
779600 97904 11 96996 27 14 334
780000 97956 11 97044 27 14 334
780400 98003 11 97097 27 14 334
780800 98043 11 97157 27 14 334
781200 98088 11 97212 27 14 334
781600 98144 11 97256 27 14 334
782000 98196 11 97304 27 14 334
782400 98248 11 97352 27 14 334
782800 98287 11 97413 27 14 334
783200 98339 11 97461 27 14 334
783600 98390 11 97510 27 14 334
784000 98440 11 97560 27 14 334
784400 98492 11 97608 27 14 334
784800 98546 11 97654 27 14 334
785200 98592 11 97708 27 14 334
785600 98640 11 97760 27 14 334
786000 98697 11 97803 27 14 334
786400 98743 11 97857 27 14 334
786800 98792 12 97908 27 15 335
787200 98846 12 97954 27 15 335
787600 98900 12 98000 27 15 335
788000 98950 12 98050 27 15 335
788400 99005 12 98095 27 15 335
788800 99052 12 98148 27 15 335
789200 99099 12 98201 27 15 335
789600 99154 12 98246 27 15 335
790000 99210 12 98290 27 15 335
790400 99271 12 98329 27 15 335
790800 99324 12 98376 27 15 335
791200 99371 12 98429 27 15 335
791600 99417 12 98483 27 15 335
792000 99465 12 98535 27 15 335
792400 99520 12 98580 27 15 335
792800 99567 12 98633 27 15 335
793200 99611 12 98689 27 15 335
793600 99658 12 98742 27 15 335
794000 99710 13 98790 27 16 336
794400 99766 13 98834 27 16 336
794800 99811 13 98889 27 16 336
795200 99859 13 98941 27 16 336
795600 99906 13 98994 27 16 336
796000 99963 13 99037 27 16 336
796400 100010 13 99090 27 16 336
796800 100061 13 99139 27 16 336
797200 100109 13 99191 27 16 336
797600 100153 13 99247 27 16 336
798000 100205 13 99295 27 16 336
798400 100250 13 99350 27 16 336
798800 100303 13 99397 27 16 336
799200 100354 13 99446 27 16 336
799600 100405 13 99495 27 16 336
800000 100457 13 99543 27 16 336
800400 100505 13 99595 27 16 336
800800 100554 13 99646 27 16 336
801200 100601 13 99699 27 16 336
801600 100648 13 99752 27 16 336
802000 100696 13 99804 27 16 336
802400 100739 13 99861 27 16 336
802800 100782 13 99918 27 16 336
803200 100837 13 99963 27 16 336
803600 100885 13 100015 27 16 336
804000 100934 13 100066 27 16 336
804400 100983 13 100117 27 16 336
804800 101035 13 100165 27 16 336
805200 101073 13 100227 27 16 336
805600 101126 13 100274 27 16 336
806000 101171 13 100329 27 16 336
806400 101223 13 100377 27 16 336
806800 101274 13 100426 27 16 336
807200 101318 13 100482 27 16 336
807600 101367 13 100533 27 16 336
808000 101413 13 100587 27 16 336
808400 101463 13 100637 27 16 336
808800 101514 13 100686 27 16 336
809200 101566 13 100734 27 16 336
809600 101619 13 100781 27 16 336
810000 101673 13 100827 27 16 336
810400 101721 13 100879 27 16 336
810800 101781 13 100919 27 16 336
811200 101826 13 100974 27 16 336
811600 101879 13 101021 27 16 336
812000 101932 13 101068 27 16 336
812400 101980 13 101120 27 16 336
812800 102031 13 101169 27 16 336
813200 102082 13 101218 27 16 336
813600 102136 13 101264 27 16 336
814000 102188 13 101312 27 16 336
814400 102242 13 101358 27 16 336
814800 102290 13 101410 27 16 336
815200 102347 13 101453 27 16 336
815600 102399 13 101501 27 16 336
816000 102451 13 101549 27 16 336
816400 102494 13 101606 27 16 336
816800 102543 13 101657 27 16 336
817200 102592 13 101708 27 16 336
817600 102641 13 101759 27 16 336
818000 102690 13 101810 27 16 336
818400 102736 13 101864 27 16 336
818800 102795 13 101905 27 16 336
819200 102843 13 101957 27 16 336
819600 102887 13 102013 27 16 336
820000 102935 13 102065 27 16 336
820400 102987 13 102113 27 16 336
820800 103042 13 102158 27 16 336
821200 103095 13 102205 27 16 336
821600 103139 13 102261 27 16 336
822000 103191 13 102309 27 16 336
822400 103241 13 102359 27 16 336
822800 103288 13 102412 27 16 336
823200 103337 13 102463 27 16 336
823600 103399 13 102501 27 16 336
824000 103458 13 102542 27 16 336
824400 103501 13 102599 27 16 336
824800 103548 13 102652 27 16 336
825200 103587 13 102713 27 16 336
825600 103640 13 102760 27 16 336
826000 103696 13 102804 27 16 336
826400 103745 13 102855 27 16 336
826800 103801 13 102899 27 16 336
827200 103853 13 102947 27 16 336
827600 103904 13 102996 27 16 336
828000 103951 13 103049 27 16 336
828400 104017 13 103083 27 16 336
828800 104061 13 103139 27 16 336
829200 104114 13 103186 27 16 336
829600 104158 13 103242 27 16 336
830000 104205 13 103295 28 15 335
830400 104261 13 103339 28 15 335
830800 104317 13 103383 28 15 335
831200 104364 13 103436 28 15 335
831600 104423 13 103477 28 15 335
832000 104472 13 103528 28 15 335
832400 104526 13 103574 28 15 335
832800 104580 13 103620 28 15 335
833200 104631 13 103669 28 15 335
833600 104676 13 103724 28 15 335
834000 104722 13 103778 28 15 335
834400 104774 13 103826 28 15 335
834800 104828 13 103872 28 15 335
835200 104873 13 103927 28 15 335
835600 104926 13 103974 28 15 335
836000 104973 13 104027 28 15 335
836400 105021 14 104079 28 16 336
836800 105065 14 104135 28 16 336
837200 105110 14 104190 28 16 336
837600 105160 14 104240 28 16 336
838000 105203 14 104297 28 16 336
838400 105254 14 104346 28 16 336
838800 105304 14 104396 28 16 336
839200 105354 14 104446 28 16 336
839600 105398 14 104502 28 16 336
840000 105444 14 104556 28 16 336
840400 105488 14 104612 28 16 336
840800 105538 14 104662 28 16 336
841200 105595 14 104705 28 16 336
841600 105649 14 104751 28 16 336
842000 105699 14 104801 28 16 336
842400 105755 14 104845 28 16 336
842800 105814 14 104886 28 16 336
843200 105867 14 104933 28 16 336
843600 105926 14 104974 28 16 336
844000 105981 14 105019 28 16 336
844400 106018 14 105082 28 16 336
844800 106072 14 105128 28 16 336
845200 106126 14 105174 28 16 336
845600 106178 14 105222 28 16 336
846000 106233 14 105267 28 16 336
846400 106282 14 105318 28 16 336
846800 106332 14 105368 28 16 336
847200 106394 14 105406 28 16 336
847600 106449 14 105451 28 16 336
848000 106506 14 105494 28 16 336
848400 106559 14 105541 28 16 336
848800 106614 14 105586 28 16 336
849200 106654 14 105646 28 16 336
849600 106698 14 105702 28 16 336
850000 106744 14 105756 28 16 336
850400 106795 14 105805 28 16 336
850800 106837 14 105863 28 16 336
851200 106888 14 105912 28 16 336
851600 106940 14 105960 28 16 336
852000 106985 14 106015 28 16 336
852400 107040 14 106060 28 16 336
852800 107100 14 106100 28 16 336
853200 107156 14 106144 28 16 336
853600 107200 14 106200 28 16 336
854000 107252 14 106248 28 16 336
854400 107295 14 106305 28 16 336
854800 107338 14 106362 28 16 336
855200 107390 14 106410 28 16 336
855600 107438 14 106462 28 16 336
856000 107486 14 106514 28 16 336
856400 107530 14 106570 28 16 336
856800 107583 14 106617 28 16 336
857200 107635 14 106665 28 16 336
857600 107688 14 106712 28 16 336
858000 107750 14 106750 28 16 336
858400 107801 14 106799 28 16 336
858800 107854 14 106846 28 16 336
859200 107905 14 106895 28 16 336
859600 107967 14 106933 28 16 336
860000 108014 14 106986 28 16 336
860400 108059 14 107041 28 16 336
860800 108105 14 107095 28 16 336
861200 108148 14 107152 28 16 336
861600 108203 14 107197 28 16 336
862000 108257 14 107243 28 16 336
862400 108309 14 107291 28 16 336
862800 108350 14 107350 28 16 336
863200 108395 14 107405 28 16 336
863600 108441 14 107459 28 16 336
864000 108488 14 107512 28 16 336
864400 108533 14 107567 28 16 336
864800 108590 14 107610 28 16 336
865200 108641 14 107659 28 16 336
865600 108685 14 107715 28 16 336
866000 108735 14 107765 28 16 336
866400 108783 14 107817 28 16 336
866800 108832 14 107868 28 16 336
867200 108897 14 107903 28 16 336
867600 108949 14 107951 28 16 336
868000 109003 14 107997 28 16 336
868400 109053 14 108047 28 16 336
868800 109104 14 108096 28 16 336
869200 109155 14 108145 28 16 336
869600 109205 14 108195 28 16 336
870000 109249 14 108251 28 16 336
870400 109305 14 108295 28 16 336
870800 109355 14 108345 28 16 336
871200 109393 14 108407 28 16 336
871600 109444 14 108456 28 16 336
872000 109501 14 108499 28 16 336
872400 109552 14 108548 28 16 336
872800 109599 14 108601 28 16 336
873200 109646 14 108654 28 16 336
873600 109699 14 108701 28 16 336
874000 109757 14 108743 28 16 336
874400 109798 14 108802 28 16 336
874800 109847 14 108853 28 16 336
875200 109895 14 108905 28 16 336
875600 109951 14 108949 28 16 336
876000 110003 14 108997 28 16 336
876400 110047 14 109053 28 16 336
876800 110095 14 109105 28 16 336
877200 110151 14 109149 28 16 336
877600 110198 14 109202 28 16 336
878000 110254 14 109246 28 16 336
878400 110306 14 109294 28 16 336
878800 110351 14 109349 28 16 336
879200 110402 14 109398 28 16 336
879600 110449 14 109451 28 16 336
880000 110501 14 109499 28 16 336
880400 110554 14 109546 28 16 336
880800 110603 15 109597 28 17 337
881200 110647 15 109653 28 17 337
881600 110694 15 109706 28 17 337
882000 110740 15 109760 28 17 337
882400 110790 15 109810 28 17 337
882800 110839 15 109861 28 17 337
883200 110888 15 109912 28 17 337
883600 110935 15 109965 28 17 337
884000 110982 15 110018 28 17 337
884400 111030 15 110070 28 17 337
884800 111077 15 110123 28 17 337
885200 111130 15 110170 28 17 337
885600 111173 15 110227 28 17 337
886000 111226 15 110274 28 17 337
886400 111270 15 110330 28 17 337
886800 111317 15 110383 28 17 337
887200 111367 15 110433 28 17 337
887600 111423 15 110477 28 17 337
888000 111475 15 110525 28 17 337
888400 111518 15 110582 28 17 337
888800 111573 15 110627 28 17 337
889200 111618 15 110682 28 17 337
889600 111664 15 110736 28 17 337
890000 111721 15 110779 28 17 337
890400 111778 15 110822 28 17 337
890800 111824 15 110876 28 17 337
891200 111878 15 110922 28 17 337
891600 111923 15 110977 28 17 337
892000 111975 15 111025 28 17 337
892400 112026 15 111074 28 17 337
892800 112078 15 111122 28 17 337
893200 112129 15 111171 28 17 337
893600 112180 15 111220 28 17 337
894000 112229 15 111271 28 17 337
894400 112277 15 111323 28 17 337
894800 112329 15 111371 28 17 337
895200 112380 15 111420 28 17 337
895600 112432 15 111468 28 17 337
896000 112488 15 111512 28 17 337
896400 112536 15 111564 28 17 337
896800 112597 15 111603 28 17 337
897200 112651 15 111649 28 17 337
897600 112696 15 111704 28 17 337
898000 112745 15 111755 28 17 337
898400 112785 15 111815 28 17 337
898800 112840 15 111860 28 17 337
899200 112883 15 111917 28 17 337
899600 112932 15 111968 28 17 337
900000 112985 15 112015 28 17 337
900400 113040 15 112060 28 17 337
900800 113088 15 112112 28 17 337
901200 113143 15 112157 28 17 337
901600 113191 15 112209 28 17 337
902000 113246 15 112254 28 17 337
902400 113300 15 112300 28 17 337
902800 113361 15 112339 28 17 337
903200 113415 15 112385 28 17 337
903600 113466 15 112434 28 17 337
904000 113517 15 112483 28 17 337
904400 113563 15 112537 28 17 337
904800 113614 15 112586 28 17 337
905200 113660 15 112640 28 17 337
905600 113712 15 112688 28 17 337
906000 113758 15 112742 28 17 337
906400 113812 15 112788 28 17 337
906800 113854 15 112846 28 17 337
907200 113902 15 112898 28 17 337
907600 113950 15 112950 28 17 337
908000 114008 15 112992 28 17 337
908400 114055 15 113045 28 17 337
908800 114105 15 113095 28 17 337
909200 114156 15 113144 28 17 337
909600 114206 15 113194 28 17 337
910000 114258 15 113242 28 17 337
910400 114304 15 113296 28 17 337
910800 114357 15 113343 28 17 337
911200 114400 15 113400 28 17 337
911600 114456 15 113444 28 17 337
912000 114504 15 113496 28 17 337
912400 114551 15 113549 28 17 337
912800 114609 15 113591 28 17 337
913200 114664 15 113636 28 17 337
913600 114710 15 113690 28 17 337
914000 114759 15 113741 28 17 337
914400 114811 15 113789 28 17 337
914800 114856 15 113844 28 17 337
915200 114899 15 113901 28 17 337
915600 114949 15 113951 28 17 337
916000 114989 15 114011 28 17 337
916400 115035 15 114065 28 17 337
916800 115075 15 114125 28 17 337
917200 115126 15 114174 28 17 337
917600 115176 15 114224 28 17 337
918000 115235 15 114265 28 17 337
918400 115280 15 114320 28 17 337
918800 115331 15 114369 28 17 337
919200 115384 15 114416 28 17 337
919600 115435 15 114465 28 17 337
920000 115486 15 114514 28 17 337
920400 115534 15 114566 28 17 337
920800 115585 15 114615 28 17 337
921200 115627 15 114673 28 17 337
921600 115678 15 114722 28 17 337
922000 115724 15 114776 28 17 337
922400 115770 15 114830 28 17 337
922800 115826 15 114874 28 17 337
923200 115880 15 114920 28 17 337
923600 115927 15 114973 28 17 337
924000 115978 15 115022 28 17 337
924400 116026 15 115074 28 17 337
924800 116085 15 115115 28 17 337
925200 116137 15 115163 28 17 337
925600 116185 15 115215 28 17 337
926000 116228 15 115272 28 17 337
926400 116282 15 115318 28 17 337
926800 116338 15 115362 28 17 337
927200 116383 15 115417 28 17 337
927600 116434 15 115466 28 17 337
928000 116479 15 115521 28 17 337
928400 116536 15 115564 28 17 337
928800 116581 15 115619 28 17 337
929200 116628 15 115672 28 17 337
929600 116681 15 115719 28 17 337
930000 116734 15 115766 28 17 337
930400 116789 15 115811 28 17 337
930800 116847 15 115853 28 17 337
931200 116897 15 115903 28 17 337
931600 116946 15 115954 28 17 337
932000 116986 15 116014 28 17 337
932400 117025 15 116075 28 17 337
932800 117081 15 116119 28 17 337
933200 117130 15 116170 28 17 337
933600 117181 15 116219 28 17 337
934000 117228 15 116272 28 17 337
934400 117272 15 116328 28 17 337
934800 117320 15 116380 28 17 337
935200 117371 15 116429 28 17 337
935600 117416 15 116484 28 17 337
936000 117467 15 116533 28 17 337
936400 117521 15 116579 28 17 337
936800 117571 15 116629 28 17 337
937200 117624 15 116676 28 17 337
937600 117673 15 116727 28 17 337
938000 117725 15 116775 28 17 337
938400 117769 15 116831 29 16 336
938800 117827 15 116873 29 16 336
939200 117882 15 116918 29 16 336
939600 117927 15 116973 29 16 336
940000 117978 15 117022 29 16 336
940400 118028 15 117072 29 16 336
940800 118092 15 117108 29 16 336
941200 118144 15 117156 29 16 336
941600 118192 15 117208 29 16 336
942000 118245 15 117255 29 16 336
942400 118289 15 117311 29 16 336
942800 118346 15 117354 29 16 336
943200 118394 15 117406 29 16 336
943600 118442 15 117458 29 16 336
944000 118490 15 117510 29 16 336
944400 118541 15 117559 29 16 336
944800 118585 15 117615 29 16 336
945200 118635 15 117665 29 16 336
945600 118684 15 117716 29 16 336
946000 118734 16 117766 29 17 337
946400 118785 16 117815 29 17 337
946800 118834 16 117866 29 17 337
947200 118885 16 117915 29 17 337
947600 118938 16 117962 29 17 337
948000 118983 16 118017 29 17 337
948400 119027 16 118073 29 17 337
948800 119083 16 118117 29 17 337
949200 119128 16 118172 30 16 336
949600 119176 16 118224 30 16 336
950000 119231 16 118269 30 16 336
950400 119286 16 118314 30 16 336
950800 119340 16 118360 30 16 336
951200 119391 16 118409 30 16 336
951600 119434 16 118466 30 16 336
952000 119484 16 118516 30 16 336
952400 119526 16 118574 30 16 336
952800 119573 16 118627 30 16 336
953200 119619 16 118681 30 16 336
953600 119665 16 118735 30 16 336
954000 119710 16 118790 30 16 336
954400 119760 16 118840 30 16 336
954800 119820 16 118880 30 16 336
955200 119872 16 118928 30 16 336
955600 119923 16 118977 30 16 336
956000 119970 16 119030 30 16 336
956400 120021 16 119079 30 16 336
956800 120074 16 119126 30 16 336
957200 120126 16 119174 30 16 336
957600 120187 16 119213 30 16 336
958000 120229 16 119271 30 16 336
958400 120287 16 119313 30 16 336
958800 120341 16 119359 30 16 336
959200 120386 16 119414 30 16 336
959600 120435 16 119465 30 16 336
960000 120485 16 119515 31 15 335
960400 120541 16 119559 31 15 335
960800 120596 16 119604 31 15 335
961200 120644 16 119656 31 15 335
961600 120695 16 119705 31 15 335
962000 120743 16 119757 31 15 335
962400 120796 16 119804 31 15 335
962800 120842 16 119858 31 15 335
963200 120888 16 119912 31 15 335
963600 120939 16 119961 31 15 335
964000 120982 16 120018 32 14 334
964400 121028 16 120072 32 14 334
964800 121075 16 120125 32 14 334
965200 121120 16 120180 32 14 334
965600 121174 16 120226 32 14 334
966000 121230 16 120270 32 14 334
966400 121286 16 120314 32 14 334
966800 121342 16 120358 32 14 334
967200 121388 16 120412 32 14 334
967600 121432 16 120468 32 14 334
968000 121487 16 120513 32 14 334
968400 121536 16 120564 32 14 334
968800 121584 16 120616 32 14 334
969200 121634 16 120666 32 14 334
969600 121693 16 120707 32 14 334
970000 121743 16 120757 32 14 334
970400 121791 16 120809 32 14 334
970800 121845 16 120855 32 14 334
971200 121881 16 120919 32 14 334
971600 121932 16 120968 32 14 334
972000 121990 16 121010 32 14 334
972400 122040 16 121060 32 14 334
972800 122092 16 121108 32 14 334
973200 122142 16 121158 32 14 334
973600 122184 16 121216 32 14 334
974000 122233 16 121267 32 14 334
974400 122279 16 121321 32 14 334
974800 122329 16 121371 32 14 334
975200 122381 16 121419 32 14 334
975600 122442 16 121458 32 14 334
976000 122487 16 121513 32 14 334
976400 122539 16 121561 32 14 334
976800 122586 16 121614 32 14 334
977200 122639 16 121661 32 14 334
977600 122688 16 121712 32 14 334
978000 122743 16 121757 32 14 334
978400 122795 16 121805 32 14 334
978800 122849 16 121851 32 14 334
979200 122902 16 121898 33 13 333
979600 122960 16 121940 33 13 333
980000 123002 16 121998 33 13 333
980400 123048 16 122052 33 13 333
980800 123094 16 122106 33 13 333
981200 123139 16 122161 33 13 333
981600 123192 16 122208 33 13 333
982000 123245 16 122255 33 13 333
982400 123291 16 122309 33 13 333
982800 123340 16 122360 33 13 333
983200 123385 16 122415 33 13 333
983600 123438 16 122462 33 13 333
984000 123485 16 122515 33 13 333
984400 123526 16 122574 33 13 333
984800 123568 16 122632 33 13 333
985200 123615 16 122685 33 13 333
985600 123664 16 122736 33 13 333
986000 123707 16 122793 33 13 333
986400 123759 16 122841 33 13 333
986800 123813 16 122887 33 13 333
987200 123863 16 122937 33 13 333
987600 123918 16 122982 33 13 333
988000 123969 16 123031 33 13 333
988400 124009 16 123091 33 13 333
988800 124058 16 123142 33 13 333
989200 124107 16 123193 33 13 333
989600 124156 16 123244 33 13 333
990000 124207 16 123293 33 13 333
990400 124255 16 123345 33 13 333
990800 124306 16 123394 33 13 333
991200 124348 16 123452 33 13 333
991600 124407 16 123493 33 13 333
992000 124464 16 123536 33 13 333
992400 124518 17 123582 33 14 334
992800 124573 17 123627 33 14 334
993200 124624 17 123676 33 14 334
993600 124674 17 123726 33 14 334
994000 124724 17 123776 33 14 334
994400 124782 17 123818 33 14 334
994800 124831 17 123869 33 14 334
995200 124876 17 123924 33 14 334
995600 124926 17 123974 33 14 334
996000 124974 17 124026 33 14 334
996400 125027 17 124073 34 13 333
996800 125068 17 124132 34 13 333
997200 125125 17 124175 34 13 333
997600 125174 17 124226 34 13 333
998000 125229 17 124271 34 13 333
998400 125278 17 124322 34 13 333
998800 125313 17 124387 34 13 333
999200 125358 17 124442 34 13 333
999600 125412 17 124488 34 13 333
1000000 125474 17 124526 34 13 333
