# Time-averaged data for fix agcmcstat
# TimeStep v_wiatt v_wiacc v_wdatt v_wdacc v_nacn v_nmob
0 0 0 0 0 320 350
400 57 0 43 0 320 350
800 100 0 100 0 320 350
1200 155 0 145 0 320 350
1600 201 0 199 0 320 350
2000 252 0 248 0 320 350
2400 297 0 303 0 320 350
2800 345 0 355 0 320 350
3200 393 0 407 0 320 350
3600 439 0 461 0 320 350
4000 498 0 502 0 320 350
4400 548 0 552 0 320 350
4800 597 0 603 0 320 350
5200 644 0 656 0 320 350
5600 686 0 714 0 320 350
6000 733 0 767 0 320 350
6400 782 0 818 0 320 350
6800 830 0 870 0 320 350
7200 876 0 924 0 320 350
7600 921 0 979 0 320 350
8000 972 0 1028 0 320 350
8400 1031 0 1069 0 320 350
8800 1085 0 1115 0 320 350
9200 1137 0 1163 0 320 350
9600 1191 0 1209 0 320 350
10000 1236 0 1264 0 320 350
10400 1287 0 1313 0 320 350
10800 1337 0 1363 0 320 350
11200 1377 0 1423 0 320 350
11600 1434 0 1466 0 320 350
12000 1476 0 1524 0 320 350
12400 1535 0 1565 0 320 350
12800 1583 0 1617 0 320 350
13200 1626 0 1674 0 320 350
13600 1664 0 1736 0 320 350
14000 1717 0 1783 0 320 350
14400 1769 0 1831 0 320 350
14800 1820 0 1880 0 320 350
15200 1874 0 1926 0 320 350
15600 1929 0 1971 0 320 350
16000 1978 0 2022 0 320 350
16400 2041 0 2059 0 320 350
16800 2102 0 2098 0 320 350
17200 2146 0 2154 0 320 350
17600 2195 0 2205 0 320 350
18000 2242 0 2258 0 320 350
18400 2291 0 2309 0 320 350
18800 2342 0 2358 0 320 350
19200 2390 0 2410 0 320 350
19600 2442 0 2458 0 320 350
20000 2491 0 2509 0 320 350
20400 2536 0 2564 0 320 350
20800 2593 0 2607 0 320 350
21200 2643 0 2657 0 320 350
21600 2697 0 2703 0 320 350
22000 2756 0 2744 0 320 350
22400 2805 0 2795 0 320 350
22800 2856 0 2844 0 320 350
23200 2908 0 2892 0 320 350
23600 2953 0 2947 0 320 350
24000 3003 0 2997 0 320 350
24400 3054 0 3046 0 320 350
24800 3101 0 3099 0 320 350
25200 3158 0 3142 0 320 350
25600 3208 0 3192 0 320 350
26000 3249 0 3251 0 320 350
26400 3298 0 3302 0 320 350
26800 3356 0 3344 0 320 350
27200 3406 0 3394 0 320 350
27600 3455 0 3445 0 320 350
28000 3505 0 3495 0 320 350
28400 3549 0 3551 0 320 350
28800 3598 0 3602 0 320 350
29200 3647 0 3653 0 320 350
29600 3701 0 3699 0 320 350
30000 3747 0 3753 0 320 350
30400 3796 0 3804 0 320 350
30800 3847 0 3853 0 320 350
31200 3897 0 3903 0 320 350
31600 3936 0 3964 0 320 350
32000 3977 0 4023 0 320 350
32400 4027 0 4073 0 320 350
32800 4082 0 4118 0 320 350
33200 4140 0 4160 0 320 350
33600 4186 0 4214 0 320 350
34000 4239 0 4261 0 320 350
34400 4285 0 4315 0 320 350
34800 4334 0 4366 0 320 350
35200 4377 0 4423 0 320 350
35600 4423 0 4477 0 320 350
36000 4479 0 4521 0 320 350
36400 4526 0 4574 0 320 350
36800 4572 0 4628 0 320 350
37200 4621 0 4679 0 320 350
37600 4662 0 4738 0 320 350
38000 4717 0 4783 0 320 350
38400 4778 0 4822 0 320 350
38800 4821 0 4879 0 320 350
39200 4876 0 4924 0 320 350
39600 4924 0 4976 0 320 350
40000 4972 0 5028 0 320 350
40400 5019 0 5081 0 320 350
40800 5074 0 5126 0 320 350
41200 5129 0 5171 0 320 350
41600 5185 0 5215 0 320 350
42000 5235 0 5265 0 320 350
42400 5277 0 5323 0 320 350
42800 5318 0 5382 0 320 350
43200 5375 0 5425 0 320 350
43600 5430 0 5470 0 320 350
44000 5484 0 5516 0 320 350
44400 5538 0 5562 0 320 350
44800 5586 0 5614 0 320 350
45200 5631 0 5669 0 320 350
45600 5694 0 5706 0 320 350
46000 5745 0 5755 0 320 350
46400 5798 0 5802 0 320 350
46800 5846 0 5854 0 320 350
47200 5902 0 5898 0 320 350
47600 5948 0 5952 0 320 350
48000 5998 0 6002 0 320 350
48400 6051 0 6049 0 320 350
48800 6101 0 6099 0 320 350
49200 6152 0 6148 0 320 350
49600 6200 0 6200 0 320 350
50000 6241 0 6259 0 320 350
50400 6291 0 6309 0 320 350
50800 6344 0 6356 0 320 350
51200 6391 0 6409 0 320 350
51600 6440 0 6460 0 320 350
52000 6486 0 6514 0 320 350
52400 6535 0 6565 0 320 350
52800 6586 0 6614 0 320 350
53200 6639 0 6661 0 320 350
53600 6684 0 6716 0 320 350
54000 6732 0 6768 0 320 350
54400 6800 0 6800 0 320 350
54800 6841 0 6859 0 320 350
55200 6892 0 6908 0 320 350
55600 6943 0 6957 0 320 350
56000 6995 0 7005 0 320 350
56400 7043 0 7057 0 320 350
56800 7091 0 7109 0 320 350
57200 7143 0 7157 0 320 350
57600 7187 0 7213 0 320 350
58000 7241 0 7259 0 320 350
58400 7288 0 7312 0 320 350
58800 7344 0 7356 0 320 350
59200 7395 0 7405 0 320 350
59600 7438 0 7462 0 320 350
60000 7486 0 7514 0 320 350
60400 7532 0 7568 0 320 350
60800 7585 0 7615 0 320 350
61200 7633 0 7667 0 320 350
61600 7687 0 7713 0 320 350
62000 7732 0 7768 0 320 350
62400 7788 0 7812 0 320 350
62800 7846 0 7854 0 320 350
63200 7905 0 7895 0 320 350
63600 7954 0 7946 0 320 350
64000 8009 0 7991 0 320 350
64400 8066 0 8034 0 320 350
64800 8117 0 8083 0 320 350
65200 8172 0 8128 0 320 350
65600 8221 0 8179 0 320 350
66000 8268 0 8232 0 320 350
66400 8311 0 8289 0 320 350
66800 8361 0 8339 0 320 350
67200 8416 0 8384 0 320 350
67600 8466 0 8434 0 320 350
68000 8513 0 8487 0 320 350
68400 8565 0 8535 0 320 350
68800 8610 0 8590 0 320 350
69200 8652 0 8648 0 320 350
69600 8705 0 8695 0 320 350
70000 8754 0 8746 0 320 350
70400 8809 0 8791 0 320 350
70800 8861 0 8839 0 320 350
71200 8898 0 8902 0 320 350
71600 8952 0 8948 0 320 350
72000 8997 0 9003 0 320 350
72400 9045 0 9055 0 320 350
72800 9086 0 9114 0 320 350
73200 9133 0 9167 0 320 350
73600 9184 0 9216 0 320 350
74000 9238 0 9262 0 320 350
74400 9289 0 9311 0 320 350
74800 9340 0 9360 0 320 350
75200 9388 0 9412 0 320 350
75600 9441 0 9459 0 320 350
76000 9490 0 9510 0 320 350
76400 9543 0 9557 0 320 350
76800 9594 0 9606 0 320 350
77200 9646 0 9654 0 320 350
77600 9694 0 9706 0 320 350
78000 9748 0 9752 0 320 350
78400 9799 0 9801 0 320 350
78800 9846 0 9854 0 320 350
79200 9890 0 9910 0 320 350
79600 9937 0 9963 0 320 350
80000 9981 0 10019 0 320 350
80400 10034 0 10066 0 320 350
80800 10083 0 10117 0 320 350
81200 10134 0 10166 0 320 350
81600 10185 0 10215 0 320 350
82000 10241 0 10259 0 320 350
82400 10291 0 10309 0 320 350
82800 10344 0 10356 0 320 350
83200 10394 0 10406 0 320 350
83600 10445 0 10455 0 320 350
84000 10489 0 10511 0 320 350
84400 10538 0 10562 0 320 350
84800 10586 0 10614 0 320 350
85200 10642 0 10658 0 320 350
85600 10687 0 10713 0 320 350
86000 10740 0 10760 0 320 350
86400 10796 0 10804 0 320 350
86800 10843 0 10857 0 320 350
87200 10888 0 10912 0 320 350
87600 10925 0 10975 0 320 350
88000 10974 0 11026 0 320 350
88400 11025 0 11075 0 320 350
88800 11080 0 11120 0 320 350
89200 11130 0 11170 0 320 350
89600 11180 0 11220 0 320 350
90000 11233 0 11267 0 320 350
90400 11279 0 11321 0 320 350
90800 11330 0 11370 0 320 350
91200 11378 0 11422 0 320 350
91600 11424 0 11476 0 320 350
92000 11474 0 11526 0 320 350
92400 11528 0 11572 0 320 350
92800 11576 0 11624 0 320 350
93200 11622 0 11678 0 320 350
93600 11670 0 11730 0 320 350
94000 11726 0 11774 0 320 350
94400 11775 0 11825 0 320 350
94800 11823 0 11877 0 320 350
95200 11880 0 11920 0 320 350
95600 11936 0 11964 0 320 350
96000 11988 0 12012 0 320 350
96400 12035 0 12065 0 320 350
96800 12081 0 12119 0 320 350
97200 12132 0 12168 0 320 350
97600 12182 0 12218 0 320 350
98000 12240 0 12260 0 320 350
98400 12292 0 12308 0 320 350
98800 12341 0 12359 0 320 350
99200 12395 0 12405 0 320 350
99600 12447 0 12453 0 320 350
100000 12505 0 12495 0 320 350
100400 12557 0 12543 0 320 350
100800 12606 0 12594 0 320 350
101200 12663 0 12637 0 320 350
101600 12711 0 12689 0 320 350
102000 12764 0 12736 0 320 350
102400 12803 0 12797 0 320 350
102800 12850 0 12850 0 320 350
103200 12902 0 12898 0 320 350
103600 12957 0 12943 1 319 349
104000 12999 0 13001 1 319 349
104400 13053 0 13047 1 319 349
104800 13108 0 13092 1 319 349
105200 13154 0 13146 1 319 349
105600 13211 0 13189 1 319 349
106000 13263 0 13237 1 319 349
106400 13313 0 13287 1 319 349
106800 13363 0 13337 1 319 349
107200 13414 0 13386 1 319 349
107600 13468 0 13432 1 319 349
108000 13520 0 13480 1 319 349
108400 13566 0 13534 1 319 349
108800 13617 0 13583 1 319 349
109200 13675 0 13625 1 319 349
109600 13720 0 13680 1 319 349
110000 13775 0 13725 1 319 349
110400 13843 0 13757 1 319 349
110800 13902 0 13798 1 319 349
111200 13953 0 13847 1 319 349
111600 14010 0 13890 1 319 349
112000 14068 0 13932 1 319 349
112400 14123 0 13977 1 319 349
112800 14177 0 14023 1 319 349
113200 14225 0 14075 1 319 349
113600 14276 0 14124 1 319 349
114000 14328 0 14172 1 319 349
114400 14372 0 14228 1 319 349
114800 14421 0 14279 1 319 349
115200 14471 0 14329 1 319 349
115600 14516 0 14384 1 319 349
116000 14564 0 14436 1 319 349
116400 14604 0 14496 1 319 349
116800 14650 0 14550 1 319 349
117200 14700 0 14600 1 319 349
117600 14749 0 14651 1 319 349
118000 14788 0 14712 1 319 349
118400 14836 0 14764 1 319 349
118800 14884 0 14816 1 319 349
119200 14929 0 14871 1 319 349
119600 14983 0 14917 1 319 349
120000 15033 0 14967 1 319 349
120400 15080 0 15020 1 319 349
120800 15130 0 15070 1 319 349
121200 15180 0 15120 1 319 349
121600 15222 0 15178 1 319 349
122000 15264 0 15236 1 319 349
122400 15316 0 15284 1 319 349
122800 15362 0 15338 1 319 349
123200 15409 0 15391 1 319 349
123600 15455 0 15445 1 319 349
124000 15503 0 15497 1 319 349
124400 15561 0 15539 1 319 349
124800 15613 0 15587 1 319 349
125200 15673 0 15627 1 319 349
125600 15723 0 15677 1 319 349
126000 15775 0 15725 1 319 349
126400 15821 0 15779 1 319 349
126800 15876 0 15824 1 319 349
127200 15927 0 15873 1 319 349
127600 15978 0 15922 1 319 349
128000 16028 0 15972 1 319 349
128400 16074 0 16026 1 319 349
128800 16123 0 16077 1 319 349
129200 16179 0 16121 1 319 349
129600 16221 0 16179 1 319 349
130000 16263 0 16237 1 319 349
130400 16309 0 16291 1 319 349
130800 16369 0 16331 1 319 349
131200 16414 0 16386 1 319 349
131600 16468 0 16432 1 319 349
132000 16511 0 16489 1 319 349
132400 16561 0 16539 1 319 349
132800 16610 0 16590 1 319 349
133200 16667 0 16633 1 319 349
133600 16713 0 16687 1 319 349
134000 16757 0 16743 1 319 349
134400 16805 0 16795 1 319 349
134800 16857 0 16843 1 319 349
135200 16906 0 16894 1 319 349
135600 16955 0 16945 1 319 349
136000 17008 0 16992 1 319 349
136400 17059 0 17041 1 319 349
136800 17105 0 17095 1 319 349
137200 17156 0 17144 1 319 349
137600 17205 0 17195 1 319 349
138000 17260 0 17240 1 319 349
138400 17309 0 17291 1 319 349
138800 17371 0 17329 1 319 349
139200 17416 0 17384 1 319 349
139600 17460 0 17440 1 319 349
140000 17506 0 17494 1 319 349
140400 17570 0 17530 1 319 349
140800 17625 0 17575 1 319 349
141200 17667 0 17633 1 319 349
141600 17714 0 17686 1 319 349
142000 17769 0 17731 1 319 349
142400 17811 0 17789 1 319 349
142800 17856 0 17844 1 319 349
143200 17915 0 17885 1 319 349
143600 17969 0 17931 1 319 349
144000 18025 0 17975 1 319 349
144400 18066 0 18034 1 319 349
144800 18112 0 18088 1 319 349
145200 18161 0 18139 1 319 349
145600 18211 0 18189 1 319 349
146000 18260 0 18240 1 319 349
146400 18310 0 18290 1 319 349
146800 18355 0 18345 1 319 349
147200 18404 0 18396 1 319 349
147600 18456 0 18444 1 319 349
148000 18509 0 18491 1 319 349
148400 18556 0 18544 1 319 349
148800 18608 0 18592 1 319 349
149200 18648 0 18652 1 319 349
149600 18704 0 18696 1 319 349
150000 18760 0 18740 1 319 349
150400 18800 0 18800 1 319 349
150800 18850 0 18850 1 319 349
151200 18895 0 18905 1 319 349
151600 18948 0 18952 1 319 349
152000 19004 0 18996 1 319 349
152400 19059 0 19041 1 319 349
152800 19104 0 19096 1 319 349
153200 19154 0 19146 1 319 349
153600 19204 0 19196 1 319 349
154000 19253 0 19247 1 319 349
154400 19299 0 19301 1 319 349
154800 19349 0 19351 1 319 349
155200 19404 0 19396 1 319 349
155600 19453 0 19447 1 319 349
156000 19501 0 19499 1 319 349
156400 19551 0 19549 1 319 349
156800 19597 0 19603 1 319 349
157200 19645 0 19655 1 319 349
157600 19702 0 19698 1 319 349
158000 19751 0 19749 1 319 349
158400 19804 0 19796 1 319 349
158800 19854 0 19846 1 319 349
159200 19897 0 19903 1 319 349
159600 19942 0 19958 1 319 349
160000 19997 0 20003 1 319 349
160400 20051 0 20049 1 319 349
160800 20104 0 20096 1 319 349
161200 20148 0 20152 1 319 349
161600 20195 0 20205 1 319 349
162000 20232 0 20268 1 319 349
162400 20283 0 20317 1 319 349
162800 20337 0 20363 1 319 349
163200 20380 0 20420 1 319 349
163600 20434 0 20466 1 319 349
164000 20482 0 20518 1 319 349
164400 20529 0 20571 1 319 349
164800 20595 0 20605 1 319 349
165200 20643 0 20657 1 319 349
165600 20691 0 20709 1 319 349
166000 20732 0 20768 1 319 349
166400 20780 0 20820 1 319 349
166800 20836 0 20864 1 319 349
167200 20889 0 20911 1 319 349
167600 20941 0 20959 1 319 349
168000 20988 0 21012 1 319 349
168400 21040 0 21060 1 319 349
168800 21093 0 21107 1 319 349
169200 21140 0 21160 1 319 349
169600 21190 0 21210 1 319 349
170000 21243 0 21257 1 319 349
170400 21301 0 21299 1 319 349
170800 21345 0 21355 1 319 349
171200 21396 0 21404 1 319 349
171600 21442 0 21458 1 319 349
172000 21491 0 21509 1 319 349
172400 21545 0 21555 1 319 349
172800 21590 0 21610 1 319 349
173200 21641 0 21659 1 319 349
173600 21690 0 21710 1 319 349
174000 21741 0 21759 1 319 349
174400 21785 0 21815 1 319 349
174800 21847 0 21853 1 319 349
175200 21895 0 21905 1 319 349
175600 21943 0 21957 1 319 349
176000 21996 0 22004 1 319 349
176400 22045 0 22055 1 319 349
176800 22091 0 22109 1 319 349
177200 22137 0 22163 1 319 349
177600 22190 0 22210 1 319 349
178000 22241 0 22259 1 319 349
178400 22289 0 22311 1 319 349
178800 22343 0 22357 1 319 349
179200 22394 0 22406 1 319 349
179600 22447 0 22453 1 319 349
180000 22503 0 22497 1 319 349
180400 22553 0 22547 1 319 349
180800 22616 0 22584 1 319 349
181200 22666 0 22634 1 319 349
181600 22717 0 22683 1 319 349
182000 22768 0 22732 1 319 349
182400 22810 0 22790 1 319 349
182800 22861 0 22839 1 319 349
183200 22916 0 22884 1 319 349
183600 22967 0 22933 1 319 349
184000 23015 0 22985 1 319 349
184400 23067 0 23033 1 319 349
184800 23116 0 23084 1 319 349
185200 23168 0 23132 1 319 349
185600 23220 0 23180 1 319 349
186000 23270 0 23230 1 319 349
186400 23318 0 23282 1 319 349
186800 23374 0 23326 1 319 349
187200 23428 0 23372 1 319 349
187600 23477 0 23423 1 319 349
188000 23521 0 23479 1 319 349
188400 23575 0 23525 1 319 349
188800 23624 0 23576 1 319 349
189200 23666 0 23634 1 319 349
189600 23717 0 23683 1 319 349
190000 23772 0 23728 1 319 349
190400 23819 0 23781 1 319 349
190800 23871 0 23829 1 319 349
191200 23921 0 23879 1 319 349
191600 23965 0 23935 1 319 349
192000 24015 0 23985 1 319 349
192400 24056 0 24044 1 319 349
192800 24106 0 24094 1 319 349
193200 24153 0 24147 1 319 349
193600 24208 0 24192 1 319 349
194000 24258 0 24242 1 319 349
194400 24308 0 24292 1 319 349
194800 24363 0 24337 1 319 349
195200 24413 0 24387 1 319 349
195600 24466 0 24434 1 319 349
196000 24508 0 24492 1 319 349
196400 24558 0 24542 1 319 349
196800 24608 0 24592 1 319 349
197200 24658 0 24642 1 319 349
197600 24705 0 24695 1 319 349
198000 24749 0 24751 1 319 349
198400 24803 0 24797 1 319 349
198800 24854 0 24846 1 319 349
199200 24905 0 24895 1 319 349
199600 24948 0 24952 1 319 349
200000 24998 0 25002 1 319 349
200400 25048 0 25052 1 319 349
200800 25094 0 25106 1 319 349
201200 25145 0 25155 1 319 349
201600 25189 0 25211 1 319 349
202000 25235 0 25265 1 319 349
202400 25285 0 25315 1 319 349
202800 25335 0 25365 1 319 349
203200 25385 0 25415 1 319 349
203600 25442 0 25458 1 319 349
204000 25495 0 25505 1 319 349
204400 25545 0 25555 1 319 349
204800 25597 0 25603 1 319 349
205200 25644 0 25656 1 319 349
205600 25694 0 25706 1 319 349
206000 25742 0 25758 1 319 349
206400 25797 0 25803 1 319 349
206800 25840 0 25860 1 319 349
207200 25896 0 25904 1 319 349
207600 25948 0 25952 1 319 349
208000 25984 0 26016 1 319 349
208400 26036 0 26064 1 319 349
208800 26089 0 26111 1 319 349
209200 26142 0 26158 1 319 349
209600 26199 0 26201 1 319 349
210000 26247 0 26253 1 319 349
210400 26290 0 26310 1 319 349
210800 26345 0 26355 1 319 349
211200 26403 0 26397 1 319 349
211600 26452 0 26448 1 319 349
212000 26499 0 26501 1 319 349
212400 26550 0 26550 1 319 349
212800 26594 0 26606 1 319 349
213200 26644 0 26656 1 319 349
213600 26693 0 26707 1 319 349
214000 26742 0 26758 1 319 349
214400 26790 0 26810 1 319 349
214800 26836 0 26864 1 319 349
215200 26894 0 26906 1 319 349
215600 26950 0 26950 1 319 349
216000 26998 0 27002 1 319 349
216400 27063 0 27037 1 319 349
216800 27114 0 27086 1 319 349
217200 27161 0 27139 1 319 349
217600 27210 0 27190 1 319 349
218000 27265 0 27235 1 319 349
218400 27310 0 27290 1 319 349
218800 27371 0 27329 1 319 349
219200 27413 0 27387 1 319 349
219600 27453 0 27447 1 319 349
220000 27503 0 27497 1 319 349
220400 27558 0 27542 1 319 349
220800 27606 0 27594 1 319 349
221200 27646 0 27654 1 319 349
221600 27705 0 27695 1 319 349
222000 27750 0 27750 1 319 349
222400 27798 0 27802 1 319 349
222800 27845 0 27855 1 319 349
223200 27897 0 27903 1 319 349
223600 27940 0 27960 1 319 349
224000 27987 0 28013 1 319 349
224400 28038 0 28062 1 319 349
224800 28086 0 28114 1 319 349
225200 28130 0 28170 1 319 349
225600 28182 0 28218 2 318 348
226000 28244 0 28256 2 318 348
226400 28295 0 28305 2 318 348
226800 28337 0 28363 2 318 348
227200 28385 0 28415 2 318 348
227600 28439 0 28461 2 318 348
228000 28497 0 28503 2 318 348
228400 28549 0 28551 2 318 348
228800 28605 0 28595 2 318 348
229200 28657 0 28643 2 318 348
229600 28705 0 28695 2 318 348
230000 28758 0 28742 2 318 348
230400 28805 0 28795 2 318 348
230800 28848 0 28852 2 318 348
231200 28901 0 28899 2 318 348
231600 28947 0 28953 2 318 348
232000 28991 0 29009 2 318 348
232400 29049 0 29051 2 318 348
232800 29091 0 29109 2 318 348
233200 29147 0 29153 2 318 348
233600 29201 0 29199 2 318 348
234000 29257 0 29243 2 318 348
234400 29312 0 29288 2 318 348
234800 29357 0 29343 2 318 348
235200 29415 0 29385 2 318 348
235600 29463 0 29437 2 318 348
236000 29508 0 29492 2 318 348
236400 29564 0 29536 2 318 348
236800 29611 0 29589 2 318 348
237200 29659 0 29641 2 318 348
237600 29711 0 29689 2 318 348
238000 29764 0 29736 2 318 348
238400 29806 0 29794 2 318 348
238800 29857 0 29843 2 318 348
239200 29901 0 29899 2 318 348
239600 29953 0 29947 2 318 348
240000 30003 0 29997 2 318 348
240400 30059 0 30041 2 318 348
240800 30104 0 30096 2 318 348
241200 30149 0 30151 2 318 348
241600 30207 0 30193 2 318 348
242000 30261 0 30239 2 318 348
242400 30310 0 30290 2 318 348
242800 30351 0 30349 2 318 348
243200 30404 0 30396 2 318 348
243600 30460 0 30440 2 318 348
244000 30512 0 30488 2 318 348
244400 30560 0 30540 2 318 348
244800 30614 0 30586 2 318 348
245200 30660 0 30640 3 317 347
245600 30714 0 30686 3 317 347
246000 30768 0 30732 3 317 347
246400 30820 0 30780 3 317 347
246800 30869 0 30831 3 317 347
247200 30921 0 30879 3 317 347
247600 30967 0 30933 4 316 346
248000 31019 0 30981 4 316 346
248400 31064 0 31036 4 316 346
248800 31115 0 31085 4 316 346
249200 31168 0 31132 4 316 346
249600 31215 0 31185 4 316 346
250000 31255 0 31245 4 316 346
250400 31313 0 31287 4 316 346
250800 31363 0 31337 4 316 346
251200 31407 0 31393 5 315 345
251600 31456 0 31444 5 315 345
252000 31505 0 31495 5 315 345
252400 31553 0 31547 5 315 345
252800 31592 0 31608 5 315 345
253200 31651 0 31649 5 315 345
253600 31698 0 31702 5 315 345
254000 31747 0 31753 5 315 345
254400 31795 0 31805 5 315 345
254800 31850 0 31850 5 315 345
255200 31892 0 31908 5 315 345
255600 31943 0 31957 5 315 345
256000 31987 0 32013 5 315 345
256400 32033 0 32067 5 315 345
256800 32087 0 32113 5 315 345
257200 32136 0 32164 5 315 345
257600 32182 0 32218 5 315 345
258000 32238 0 32262 5 315 345
258400 32287 0 32313 5 315 345
258800 32342 0 32358 5 315 345
259200 32395 0 32405 5 315 345
259600 32450 0 32450 5 315 345
260000 32494 0 32506 5 315 345
260400 32544 0 32556 5 315 345
260800 32599 0 32601 5 315 345
261200 32651 0 32649 5 315 345
261600 32704 0 32696 5 315 345
262000 32753 0 32747 5 315 345
262400 32805 0 32795 5 315 345
262800 32859 0 32841 5 315 345
263200 32903 0 32897 5 315 345
263600 32959 0 32941 5 315 345
264000 33010 0 32990 5 315 345
264400 33065 0 33035 5 315 345
264800 33120 0 33080 5 315 345
265200 33171 0 33129 5 315 345
265600 33224 0 33176 5 315 345
266000 33272 0 33228 5 315 345
266400 33323 0 33277 5 315 345
266800 33377 0 33323 5 315 345
267200 33429 0 33371 5 315 345
267600 33474 0 33426 5 315 345
268000 33524 0 33476 5 315 345
268400 33580 0 33520 5 315 345
268800 33633 0 33567 5 315 345
269200 33680 0 33620 5 315 345
269600 33732 0 33668 5 315 345
270000 33774 0 33726 5 315 345
270400 33830 0 33770 5 315 345
270800 33868 0 33832 5 315 345
271200 33924 0 33876 5 315 345
271600 33970 0 33930 5 315 345
272000 34013 0 33987 5 315 345
272400 34056 0 34044 5 315 345
272800 34106 0 34094 5 315 345
273200 34159 0 34141 5 315 345
273600 34210 0 34190 5 315 345
274000 34254 0 34246 5 315 345
274400 34311 0 34289 5 315 345
274800 34364 0 34336 5 315 345
275200 34412 0 34388 5 315 345
275600 34460 0 34440 5 315 345
276000 34512 0 34488 5 315 345
276400 34566 0 34534 5 315 345
276800 34621 0 34579 5 315 345
277200 34672 0 34628 5 315 345
277600 34727 0 34673 5 315 345
278000 34775 0 34725 5 315 345
278400 34826 0 34774 5 315 345
278800 34866 0 34834 5 315 345
279200 34915 0 34885 5 315 345
279600 34964 0 34936 5 315 345
280000 35012 0 34988 5 315 345
280400 35058 0 35042 5 315 345
280800 35105 0 35095 5 315 345
281200 35160 0 35140 5 315 345
281600 35211 0 35189 5 315 345
282000 35267 0 35233 5 315 345
282400 35319 0 35281 5 315 345
282800 35369 0 35331 5 315 345
283200 35424 0 35376 5 315 345
283600 35485 0 35415 5 315 345
284000 35539 0 35461 5 315 345
284400 35583 0 35517 5 315 345
284800 35640 0 35560 5 315 345
285200 35686 0 35614 5 315 345
285600 35739 0 35661 5 315 345
286000 35789 0 35711 5 315 345
286400 35846 0 35754 5 315 345
286800 35895 0 35805 5 315 345
287200 35937 0 35863 5 315 345
287600 35990 0 35910 5 315 345
288000 36031 0 35969 5 315 345
288400 36084 0 36016 5 315 345
288800 36132 0 36068 5 315 345
289200 36180 0 36120 5 315 345
289600 36228 0 36172 5 315 345
290000 36269 0 36231 5 315 345
290400 36321 0 36279 5 315 345
290800 36377 0 36323 5 315 345
291200 36428 0 36372 5 315 345
291600 36476 0 36424 5 315 345
292000 36532 0 36468 5 315 345
292400 36574 0 36526 5 315 345
292800 36620 0 36580 5 315 345
293200 36672 0 36628 5 315 345
293600 36728 0 36672 5 315 345
294000 36789 0 36711 5 315 345
294400 36834 0 36766 5 315 345
294800 36889 0 36811 5 315 345
295200 36937 0 36863 5 315 345
295600 36991 0 36909 5 315 345
296000 37043 0 36957 6 314 344
296400 37089 0 37011 6 314 344
296800 37137 0 37063 6 314 344
297200 37196 0 37104 6 314 344
297600 37254 0 37146 6 314 344
298000 37291 0 37209 6 314 344
298400 37337 0 37263 6 314 344
298800 37383 0 37317 6 314 344
299200 37435 0 37365 6 314 344
299600 37476 0 37424 6 314 344
300000 37535 0 37465 6 314 344
300400 37582 0 37518 6 314 344
300800 37636 0 37564 6 314 344
301200 37685 0 37615 6 314 344
301600 37732 0 37668 6 314 344
302000 37778 0 37722 6 314 344
302400 37833 0 37767 6 314 344
302800 37876 0 37824 6 314 344
303200 37922 0 37878 6 314 344
303600 37971 0 37929 6 314 344
304000 38022 0 37978 6 314 344
304400 38073 0 38027 6 314 344
304800 38129 0 38071 6 314 344
305200 38184 0 38116 6 314 344
305600 38234 0 38166 6 314 344
306000 38288 0 38212 6 314 344
306400 38339 0 38261 6 314 344
306800 38390 0 38310 6 314 344
307200 38439 0 38361 6 314 344
307600 38494 0 38406 6 314 344
308000 38549 0 38451 6 314 344
308400 38608 0 38492 6 314 344
308800 38671 0 38529 6 314 344
309200 38719 0 38581 6 314 344
309600 38766 0 38634 6 314 344
310000 38815 0 38685 6 314 344
310400 38861 0 38739 6 314 344
310800 38918 0 38782 6 314 344
311200 38968 0 38832 6 314 344
311600 39014 0 38886 6 314 344
312000 39071 0 38929 6 314 344
312400 39119 0 38981 6 314 344
312800 39169 0 39031 6 314 344
313200 39219 0 39081 6 314 344
313600 39270 0 39130 6 314 344
314000 39335 0 39165 6 314 344
314400 39384 0 39216 6 314 344
314800 39431 0 39269 6 314 344
315200 39486 0 39314 6 314 344
315600 39537 0 39363 6 314 344
316000 39582 0 39418 6 314 344
316400 39643 0 39457 6 314 344
316800 39695 0 39505 6 314 344
317200 39744 0 39556 6 314 344
317600 39796 0 39604 6 314 344
318000 39833 0 39667 6 314 344
318400 39883 0 39717 6 314 344
318800 39937 0 39763 6 314 344
319200 39980 0 39820 6 314 344
319600 40032 0 39868 6 314 344
320000 40084 0 39916 6 314 344
320400 40131 0 39969 6 314 344
320800 40180 0 40020 6 314 344
321200 40234 0 40066 6 314 344
321600 40282 0 40118 6 314 344
322000 40322 0 40178 6 314 344
322400 40366 0 40234 6 314 344
322800 40419 0 40281 6 314 344
323200 40470 0 40330 6 314 344
323600 40521 0 40379 6 314 344
324000 40573 0 40427 6 314 344
324400 40618 0 40482 6 314 344
324800 40664 0 40536 6 314 344
325200 40707 0 40593 6 314 344
325600 40756 0 40644 6 314 344
326000 40802 0 40698 6 314 344
326400 40846 0 40754 6 314 344
326800 40890 0 40810 6 314 344
327200 40948 0 40852 6 314 344
327600 40998 0 40902 6 314 344
328000 41048 0 40952 6 314 344
328400 41098 0 41002 6 314 344
328800 41153 0 41047 6 314 344
329200 41212 0 41088 6 314 344
329600 41265 0 41135 6 314 344
330000 41324 0 41176 6 314 344
330400 41367 0 41233 6 314 344
330800 41426 0 41274 6 314 344
331200 41470 0 41330 6 314 344
331600 41520 0 41380 6 314 344
332000 41576 0 41424 6 314 344
332400 41630 0 41470 6 314 344
332800 41679 0 41521 6 314 344
333200 41724 0 41576 6 314 344
333600 41773 0 41627 6 314 344
334000 41826 0 41674 6 314 344
334400 41877 0 41723 6 314 344
334800 41919 0 41781 6 314 344
335200 41970 0 41830 6 314 344
335600 42024 0 41876 6 314 344
336000 42073 0 41927 6 314 344
336400 42128 0 41972 6 314 344
336800 42178 0 42022 6 314 344
337200 42229 0 42071 6 314 344
337600 42282 0 42118 6 314 344
338000 42331 0 42169 6 314 344
338400 42379 0 42221 6 314 344
338800 42419 0 42281 6 314 344
339200 42475 0 42325 6 314 344
339600 42526 0 42374 6 314 344
340000 42571 0 42429 6 314 344
340400 42614 0 42486 6 314 344
340800 42663 0 42537 6 314 344
341200 42710 0 42590 6 314 344
341600 42751 0 42649 6 314 344
342000 42806 0 42694 6 314 344
342400 42860 0 42740 6 314 344
342800 42912 0 42788 6 314 344
343200 42967 0 42833 6 314 344
343600 43016 0 42884 6 314 344
344000 43058 0 42942 6 314 344
344400 43111 0 42989 6 314 344
344800 43166 0 43034 6 314 344
345200 43215 0 43085 6 314 344
345600 43258 0 43142 6 314 344
346000 43307 0 43193 6 314 344
346400 43362 0 43238 6 314 344
346800 43411 0 43289 6 314 344
347200 43462 0 43338 6 314 344
347600 43502 0 43398 6 314 344
348000 43553 0 43447 6 314 344
348400 43610 0 43490 6 314 344
348800 43650 0 43550 6 314 344
349200 43694 0 43606 6 314 344
349600 43744 0 43656 6 314 344
350000 43791 0 43709 6 314 344
350400 43846 0 43754 6 314 344
350800 43893 0 43807 6 314 344
351200 43936 0 43864 6 314 344
351600 43979 0 43921 6 314 344
352000 44027 0 43973 6 314 344
352400 44080 0 44020 6 314 344
352800 44129 0 44071 6 314 344
353200 44176 0 44124 6 314 344
353600 44230 0 44170 6 314 344
354000 44274 0 44226 7 313 343
354400 44321 0 44279 7 313 343
354800 44372 0 44328 7 313 343
355200 44414 0 44386 7 313 343
355600 44472 0 44428 7 313 343
356000 44529 0 44471 7 313 343
356400 44571 0 44529 7 313 343
356800 44626 0 44574 7 313 343
357200 44670 0 44630 7 313 343
357600 44731 0 44669 7 313 343
358000 44774 0 44726 7 313 343
358400 44825 0 44775 7 313 343
358800 44882 0 44818 7 313 343
359200 44927 0 44873 7 313 343
359600 44976 0 44924 7 313 343
360000 45026 0 44974 7 313 343
360400 45063 0 45037 7 313 343
360800 45121 0 45079 7 313 343
361200 45166 0 45134 7 313 343
361600 45219 0 45181 7 313 343
362000 45276 0 45224 7 313 343
362400 45318 0 45282 7 313 343
362800 45372 0 45328 7 313 343
363200 45420 0 45380 7 313 343
363600 45468 0 45432 7 313 343
364000 45519 0 45481 7 313 343
364400 45561 0 45539 7 313 343
364800 45614 0 45586 7 313 343
365200 45666 0 45634 7 313 343
365600 45715 0 45685 7 313 343
366000 45766 0 45734 7 313 343
366400 45820 0 45780 7 313 343
366800 45876 0 45824 7 313 343
367200 45925 0 45875 7 313 343
367600 45975 0 45925 7 313 343
368000 46032 0 45968 7 313 343
368400 46085 0 46015 7 313 343
368800 46140 0 46060 7 313 343
369200 46185 0 46115 7 313 343
369600 46235 0 46165 7 313 343
370000 46284 0 46216 7 313 343
370400 46334 0 46266 7 313 343
370800 46393 0 46307 7 313 343
371200 46439 0 46361 7 313 343
371600 46492 0 46408 7 313 343
372000 46544 0 46456 7 313 343
372400 46595 0 46505 7 313 343
372800 46648 0 46552 7 313 343
373200 46697 0 46603 7 313 343
373600 46753 0 46647 7 313 343
374000 46805 0 46695 7 313 343
374400 46849 0 46751 7 313 343
374800 46899 0 46801 7 313 343
375200 46946 0 46854 7 313 343
375600 46992 0 46908 7 313 343
376000 47044 0 46956 7 313 343
376400 47093 0 47007 7 313 343
376800 47141 0 47059 7 313 343
377200 47199 0 47101 7 313 343
377600 47248 0 47152 7 313 343
378000 47300 0 47200 7 313 343
378400 47353 0 47247 7 313 343
378800 47401 0 47299 7 313 343
379200 47449 0 47351 7 313 343
379600 47494 0 47406 7 313 343
380000 47551 0 47449 7 313 343
380400 47596 0 47504 7 313 343
380800 47648 0 47552 7 313 343
381200 47691 0 47609 7 313 343
381600 47737 0 47663 7 313 343
382000 47787 0 47713 7 313 343
382400 47830 0 47770 7 313 343
382800 47879 0 47821 7 313 343
383200 47929 0 47871 7 313 343
383600 47973 0 47927 7 313 343
384000 48030 0 47970 7 313 343
384400 48085 0 48015 7 313 343
384800 48126 0 48074 7 313 343
385200 48178 0 48122 7 313 343
385600 48231 0 48169 7 313 343
386000 48278 0 48222 7 313 343
386400 48332 0 48268 7 313 343
386800 48380 0 48320 7 313 343
387200 48424 0 48376 7 313 343
387600 48481 0 48419 7 313 343
388000 48523 0 48477 7 313 343
388400 48573 0 48527 7 313 343
388800 48616 0 48584 7 313 343
389200 48669 0 48631 7 313 343
389600 48718 0 48682 7 313 343
390000 48765 0 48735 7 313 343
390400 48812 0 48788 7 313 343
390800 48865 0 48835 7 313 343
391200 48911 0 48889 7 313 343
391600 48961 0 48939 7 313 343
392000 49008 0 48992 7 313 343
392400 49067 0 49033 7 313 343
392800 49117 0 49083 7 313 343
393200 49165 0 49135 7 313 343
393600 49215 0 49185 7 313 343
394000 49270 0 49230 7 313 343
394400 49315 0 49285 7 313 343
394800 49379 0 49321 7 313 343
395200 49431 0 49369 7 313 343
395600 49482 0 49418 7 313 343
396000 49523 0 49477 7 313 343
396400 49574 0 49526 7 313 343
396800 49624 0 49576 7 313 343
397200 49677 0 49623 7 313 343
397600 49731 0 49669 7 313 343
398000 49781 0 49719 7 313 343
398400 49824 0 49776 7 313 343
398800 49873 0 49827 7 313 343
399200 49926 0 49874 7 313 343
399600 49974 0 49926 7 313 343
400000 50024 0 49976 7 313 343
400400 50080 0 50020 7 313 343
400800 50131 0 50069 7 313 343
401200 50171 0 50129 7 313 343
401600 50213 0 50187 7 313 343
402000 50276 0 50224 7 313 343
402400 50329 0 50271 7 313 343
402800 50382 0 50318 7 313 343
403200 50436 0 50364 7 313 343
403600 50494 0 50406 7 313 343
404000 50550 0 50450 7 313 343
404400 50596 0 50504 7 313 343
404800 50646 0 50554 7 313 343
405200 50698 0 50602 7 313 343
405600 50746 0 50654 7 313 343
406000 50790 0 50710 7 313 343
406400 50845 0 50755 7 313 343
406800 50893 0 50807 7 313 343
407200 50939 0 50861 7 313 343
407600 50988 0 50912 7 313 343
408000 51041 0 50959 7 313 343
408400 51090 0 51010 7 313 343
408800 51148 0 51052 7 313 343
409200 51196 0 51104 7 313 343
409600 51244 0 51156 7 313 343
410000 51297 0 51203 7 313 343
410400 51351 0 51249 7 313 343
410800 51399 0 51301 7 313 343
411200 51452 0 51348 7 313 343
411600 51495 0 51405 7 313 343
412000 51545 0 51455 7 313 343
412400 51599 0 51501 7 313 343
412800 51643 0 51557 7 313 343
413200 51698 0 51602 7 313 343
413600 51753 0 51647 7 313 343
414000 51801 0 51699 7 313 343
414400 51850 0 51750 7 313 343
414800 51892 0 51808 7 313 343
415200 51945 0 51855 7 313 343
415600 51999 0 51901 7 313 343
416000 52048 0 51952 7 313 343
416400 52100 0 52000 7 313 343
416800 52148 0 52052 7 313 343
417200 52201 0 52099 7 313 343
417600 52247 0 52153 7 313 343
418000 52289 0 52211 7 313 343
418400 52335 0 52265 7 313 343
418800 52380 0 52320 7 313 343
419200 52427 0 52373 7 313 343
419600 52487 0 52413 7 313 343
420000 52535 0 52465 7 313 343
420400 52590 0 52510 7 313 343
420800 52637 0 52563 7 313 343
421200 52687 0 52613 7 313 343
421600 52733 0 52667 7 313 343
422000 52780 0 52720 7 313 343
422400 52835 0 52765 7 313 343
422800 52888 0 52812 7 313 343
423200 52937 0 52863 7 313 343
423600 52992 0 52908 7 313 343
424000 53048 0 52952 7 313 343
424400 53100 0 53000 7 313 343
424800 53154 0 53046 7 313 343
425200 53198 0 53102 7 313 343
425600 53246 0 53154 7 313 343
426000 53306 0 53194 7 313 343
426400 53361 0 53239 7 313 343
426800 53408 0 53292 7 313 343
427200 53458 0 53342 7 313 343
427600 53503 0 53397 7 313 343
428000 53552 0 53448 7 313 343
428400 53607 0 53493 7 313 343
428800 53663 0 53537 7 313 343
429200 53721 0 53579 7 313 343
429600 53766 0 53634 7 313 343
430000 53817 0 53683 7 313 343
430400 53874 0 53726 7 313 343
430800 53922 0 53778 7 313 343
431200 53974 0 53826 7 313 343
431600 54023 0 53877 7 313 343
432000 54081 0 53919 7 313 343
432400 54125 0 53975 7 313 343
432800 54176 0 54024 7 313 343
433200 54231 0 54069 7 313 343
433600 54291 0 54109 7 313 343
434000 54337 0 54163 7 313 343
434400 54387 0 54213 7 313 343
434800 54435 0 54265 7 313 343
435200 54484 0 54316 7 313 343
435600 54532 0 54368 7 313 343
436000 54585 0 54415 7 313 343
436400 54635 0 54465 7 313 343
436800 54689 0 54511 7 313 343
437200 54741 0 54559 7 313 343
437600 54787 0 54613 7 313 343
438000 54840 0 54660 7 313 343
438400 54891 0 54709 7 313 343
438800 54936 0 54764 7 313 343
439200 54977 0 54823 7 313 343
439600 55022 0 54878 7 313 343
440000 55074 0 54926 7 313 343
440400 55123 0 54977 7 313 343
440800 55172 0 55028 7 313 343
441200 55218 0 55082 7 313 343
441600 55270 0 55130 7 313 343
442000 55320 0 55180 7 313 343
442400 55364 0 55236 7 313 343
442800 55414 0 55286 7 313 343
443200 55461 0 55339 7 313 343
443600 55509 0 55391 7 313 343
444000 55560 0 55440 7 313 343
444400 55615 0 55485 7 313 343
444800 55656 0 55544 7 313 343
445200 55701 0 55599 7 313 343
445600 55753 0 55647 7 313 343
446000 55805 0 55695 7 313 343
446400 55858 0 55742 7 313 343
446800 55916 0 55784 7 313 343
447200 55958 0 55842 7 313 343
447600 56010 0 55890 7 313 343
448000 56060 0 55940 7 313 343
448400 56103 0 55997 7 313 343
448800 56155 0 56045 7 313 343
449200 56202 0 56098 7 313 343
449600 56249 0 56151 7 313 343
450000 56308 0 56192 7 313 343
450400 56366 0 56234 7 313 343
450800 56417 0 56283 7 313 343
451200 56469 0 56331 7 313 343
451600 56528 0 56372 7 313 343
452000 56578 0 56422 7 313 343
452400 56629 0 56471 7 313 343
452800 56680 0 56520 7 313 343
453200 56729 0 56571 7 313 343
453600 56777 0 56623 7 313 343
454000 56827 0 56673 7 313 343
454400 56874 0 56726 7 313 343
454800 56925 0 56775 7 313 343
455200 56976 0 56824 7 313 343
455600 57024 0 56876 7 313 343
456000 57068 0 56932 7 313 343
456400 57119 0 56981 7 313 343
456800 57174 0 57026 7 313 343
457200 57221 0 57079 7 313 343
457600 57274 0 57126 7 313 343
458000 57319 0 57181 7 313 343
458400 57363 0 57237 7 313 343
458800 57420 0 57280 7 313 343
459200 57472 0 57328 7 313 343
459600 57523 0 57377 7 313 343
460000 57563 0 57437 7 313 343
460400 57625 0 57475 7 313 343
460800 57671 0 57529 7 313 343
461200 57728 0 57572 7 313 343
461600 57787 0 57613 7 313 343
462000 57834 0 57666 7 313 343
462400 57899 0 57701 7 313 343
462800 57952 0 57748 7 313 343
463200 58007 0 57793 7 313 343
463600 58063 0 57837 7 313 343
464000 58122 0 57878 7 313 343
464400 58176 0 57924 7 313 343
464800 58226 0 57974 7 313 343
465200 58275 0 58025 7 313 343
465600 58319 0 58081 7 313 343
466000 58370 0 58130 7 313 343
466400 58425 0 58175 7 313 343
466800 58480 0 58220 7 313 343
467200 58523 0 58277 7 313 343
467600 58583 0 58317 7 313 343
468000 58628 0 58372 7 313 343
468400 58688 0 58412 7 313 343
468800 58744 0 58456 7 313 343
469200 58786 0 58514 7 313 343
469600 58841 0 58559 7 313 343
470000 58890 0 58610 7 313 343
470400 58944 0 58656 7 313 343
470800 58996 0 58704 7 313 343
471200 59050 0 58750 7 313 343
471600 59107 0 58793 7 313 343
472000 59159 0 58841 7 313 343
472400 59213 0 58887 7 313 343
472800 59255 0 58945 7 313 343
473200 59316 0 58984 7 313 343
473600 59368 0 59032 7 313 343
474000 59419 0 59081 7 313 343
474400 59474 0 59126 7 313 343
474800 59519 0 59181 7 313 343
475200 59571 0 59229 7 313 343
475600 59618 0 59282 7 313 343
476000 59667 0 59333 7 313 343
476400 59709 0 59391 7 313 343
476800 59763 0 59437 7 313 343
477200 59811 0 59489 7 313 343
477600 59869 0 59531 7 313 343
478000 59909 0 59591 7 313 343
478400 59946 0 59654 7 313 343
478800 59993 0 59707 7 313 343
479200 60046 0 59754 7 313 343
479600 60094 0 59806 7 313 343
480000 60145 0 59855 7 313 343
480400 60199 0 59901 7 313 343
480800 60251 0 59949 7 313 343
481200 60298 0 60002 7 313 343
481600 60348 0 60052 7 313 343
482000 60400 0 60100 7 313 343
482400 60449 0 60151 7 313 343
482800 60506 0 60194 7 313 343
483200 60565 0 60235 7 313 343
483600 60604 0 60296 7 313 343
484000 60655 0 60345 7 313 343
484400 60707 0 60393 7 313 343
484800 60760 0 60440 7 313 343
485200 60811 0 60489 7 313 343
485600 60865 0 60535 7 313 343
486000 60911 0 60589 7 313 343
486400 60961 0 60639 7 313 343
486800 61011 0 60689 7 313 343
487200 61063 0 60737 7 313 343
487600 61115 0 60785 7 313 343
488000 61166 0 60834 7 313 343
488400 61210 0 60890 7 313 343
488800 61270 0 60930 7 313 343
489200 61321 0 60979 7 313 343
489600 61375 0 61025 7 313 343
490000 61413 0 61087 7 313 343
490400 61470 0 61130 7 313 343
490800 61529 0 61171 7 313 343
491200 61583 0 61217 7 313 343
491600 61625 0 61275 7 313 343
492000 61669 0 61331 7 313 343
492400 61720 0 61380 7 313 343
492800 61772 0 61428 7 313 343
493200 61828 0 61472 7 313 343
493600 61878 0 61522 7 313 343
494000 61927 0 61573 7 313 343
494400 61974 0 61626 7 313 343
494800 62023 0 61677 7 313 343
495200 62071 0 61729 7 313 343
495600 62120 0 61780 7 313 343
496000 62166 0 61834 7 313 343
496400 62220 0 61880 7 313 343
496800 62265 0 61935 7 313 343
497200 62328 0 61972 7 313 343
497600 62379 0 62021 7 313 343
498000 62425 0 62075 7 313 343
498400 62470 0 62130 7 313 343
498800 62516 0 62184 7 313 343
499200 62570 0 62230 7 313 343
499600 62617 0 62283 7 313 343
500000 62671 0 62329 7 313 343
500400 62719 0 62381 7 313 343
500800 62765 0 62435 7 313 343
501200 62813 0 62487 7 313 343
501600 62857 0 62543 7 313 343
502000 62900 0 62600 7 313 343
502400 62939 0 62661 7 313 343
502800 62980 0 62720 7 313 343
503200 63028 0 62772 7 313 343
503600 63085 0 62815 7 313 343
504000 63139 0 62861 7 313 343
504400 63188 0 62912 7 313 343
504800 63244 0 62956 7 313 343
505200 63296 0 63004 7 313 343
505600 63348 0 63052 7 313 343
506000 63403 0 63097 7 313 343
506400 63450 0 63150 7 313 343
506800 63505 0 63195 7 313 343
507200 63554 0 63246 7 313 343
507600 63603 0 63297 7 313 343
508000 63656 0 63344 7 313 343
508400 63708 0 63392 7 313 343
508800 63752 0 63448 7 313 343
509200 63806 0 63494 7 313 343
509600 63853 0 63547 7 313 343
510000 63905 0 63595 7 313 343
510400 63958 0 63642 7 313 343
510800 64006 0 63694 7 313 343
511200 64060 0 63740 7 313 343
511600 64109 0 63791 7 313 343
512000 64157 0 63843 7 313 343
512400 64206 0 63894 7 313 343
512800 64263 0 63937 7 313 343
513200 64312 0 63988 7 313 343
513600 64364 0 64036 7 313 343
514000 64413 0 64087 7 313 343
514400 64474 0 64126 7 313 343
514800 64520 0 64180 7 313 343
515200 64568 0 64232 7 313 343
515600 64611 0 64289 7 313 343
516000 64665 0 64335 7 313 343
516400 64713 0 64387 7 313 343
516800 64753 0 64447 7 313 343
517200 64804 0 64496 7 313 343
517600 64851 0 64549 7 313 343
518000 64903 0 64597 7 313 343
518400 64951 0 64649 7 313 343
518800 64998 0 64702 7 313 343
519200 65049 0 64751 7 313 343
519600 65093 0 64807 7 313 343
520000 65140 0 64860 7 313 343
520400 65191 0 64909 7 313 343
520800 65243 0 64957 7 313 343
521200 65287 0 65013 7 313 343
521600 65338 0 65062 7 313 343
522000 65393 0 65107 7 313 343
522400 65446 0 65154 7 313 343
522800 65495 0 65205 7 313 343
523200 65546 0 65254 7 313 343
523600 65593 0 65307 7 313 343
524000 65646 0 65354 7 313 343
524400 65699 0 65401 7 313 343
524800 65753 0 65447 7 313 343
525200 65801 0 65499 7 313 343
525600 65855 0 65545 7 313 343
526000 65904 0 65596 7 313 343
526400 65956 0 65644 7 313 343
526800 66015 0 65685 7 313 343
527200 66057 0 65743 7 313 343
527600 66108 0 65792 7 313 343
528000 66158 0 65842 7 313 343
528400 66216 0 65884 7 313 343
528800 66267 0 65933 7 313 343
529200 66318 0 65982 7 313 343
529600 66358 0 66042 7 313 343
530000 66408 0 66092 7 313 343
530400 66456 0 66144 7 313 343
530800 66499 0 66201 7 313 343
531200 66554 0 66246 7 313 343
531600 66604 0 66296 7 313 343
532000 66658 0 66342 7 313 343
532400 66706 0 66394 7 313 343
532800 66750 0 66450 7 313 343
533200 66798 0 66502 7 313 343
533600 66855 0 66545 7 313 343
534000 66905 0 66595 7 313 343
534400 66959 0 66641 7 313 343
534800 66999 0 66701 7 313 343
535200 67045 0 66755 7 313 343
535600 67096 0 66804 7 313 343
536000 67147 0 66853 7 313 343
536400 67198 0 66902 7 313 343
536800 67245 0 66955 7 313 343
537200 67296 0 67004 7 313 343
537600 67347 0 67053 7 313 343
538000 67396 0 67104 7 313 343
538400 67442 0 67158 7 313 343
538800 67490 0 67210 7 313 343
539200 67533 0 67267 7 313 343
539600 67573 0 67327 7 313 343
540000 67620 0 67380 7 313 343
540400 67673 0 67427 7 313 343
540800 67720 0 67480 7 313 343
541200 67763 0 67537 7 313 343
541600 67810 0 67590 7 313 343
542000 67854 0 67646 7 313 343
542400 67906 0 67694 7 313 343
542800 67956 0 67744 7 313 343
543200 68005 0 67795 7 313 343
543600 68053 0 67847 7 313 343
544000 68103 0 67897 7 313 343
544400 68150 0 67950 7 313 343
544800 68198 0 68002 7 313 343
545200 68245 0 68055 7 313 343
545600 68297 0 68103 7 313 343
546000 68349 0 68151 7 313 343
546400 68397 0 68203 7 313 343
546800 68449 0 68251 7 313 343
547200 68497 0 68303 7 313 343
547600 68540 0 68360 7 313 343
548000 68593 0 68407 7 313 343
548400 68645 0 68455 7 313 343
548800 68704 0 68496 7 313 343
549200 68758 0 68542 7 313 343
549600 68813 0 68587 7 313 343
550000 68869 0 68631 7 313 343
550400 68910 0 68690 7 313 343
550800 68961 0 68739 7 313 343
551200 69003 0 68797 7 313 343
551600 69048 0 68852 7 313 343
552000 69092 0 68908 7 313 343
552400 69143 0 68957 7 313 343
552800 69207 0 68993 7 313 343
553200 69250 0 69050 7 313 343
553600 69303 0 69097 7 313 343
554000 69343 0 69157 7 313 343
554400 69395 0 69205 7 313 343
554800 69442 0 69258 7 313 343
555200 69490 0 69310 7 313 343
555600 69546 0 69354 7 313 343
556000 69595 0 69405 7 313 343
556400 69649 0 69451 7 313 343
556800 69701 0 69499 7 313 343
557200 69758 0 69542 7 313 343
557600 69799 0 69601 7 313 343
558000 69841 0 69659 7 313 343
558400 69893 0 69707 7 313 343
558800 69946 0 69754 7 313 343
559200 69994 0 69806 7 313 343
559600 70046 0 69854 7 313 343
560000 70100 0 69900 7 313 343
560400 70146 0 69954 7 313 343
560800 70198 0 70002 7 313 343
561200 70235 0 70065 7 313 343
561600 70286 0 70114 7 313 343
562000 70329 0 70171 7 313 343
562400 70377 0 70223 7 313 343
562800 70419 0 70281 7 313 343
563200 70467 0 70333 7 313 343
563600 70505 0 70395 7 313 343
564000 70550 0 70450 7 313 343
564400 70602 0 70498 7 313 343
564800 70652 0 70548 7 313 343
565200 70706 0 70594 7 313 343
565600 70754 0 70646 7 313 343
566000 70805 0 70695 7 313 343
566400 70847 0 70753 7 313 343
566800 70897 0 70803 7 313 343
567200 70949 0 70851 7 313 343
567600 70997 0 70903 7 313 343
568000 71048 0 70952 7 313 343
568400 71099 0 71001 7 313 343
568800 71151 0 71049 7 313 343
569200 71201 0 71099 7 313 343
569600 71250 0 71150 7 313 343
570000 71298 0 71202 7 313 343
570400 71358 0 71242 7 313 343
570800 71402 0 71298 7 313 343
571200 71447 0 71353 7 313 343
571600 71501 0 71399 7 313 343
572000 71544 0 71456 7 313 343
572400 71602 0 71498 7 313 343
572800 71653 0 71547 7 313 343
573200 71707 0 71593 7 313 343
573600 71755 0 71645 7 313 343
574000 71811 0 71689 7 313 343
574400 71859 0 71741 7 313 343
574800 71905 0 71795 7 313 343
575200 71953 0 71847 7 313 343
575600 72009 0 71891 7 313 343
576000 72058 0 71942 7 313 343
576400 72110 0 71990 7 313 343
576800 72164 0 72036 7 313 343
577200 72220 0 72080 7 313 343
577600 72272 0 72128 7 313 343
578000 72317 0 72183 7 313 343
578400 72366 0 72234 7 313 343
578800 72414 0 72286 7 313 343
579200 72471 0 72329 7 313 343
579600 72517 0 72383 7 313 343
580000 72560 0 72440 7 313 343
580400 72606 0 72494 7 313 343
580800 72658 0 72542 7 313 343
581200 72710 0 72590 7 313 343
581600 72750 0 72650 7 313 343
582000 72802 0 72698 7 313 343
582400 72850 0 72750 7 313 343
582800 72894 0 72806 7 313 343
583200 72952 0 72848 8 312 342
583600 73002 0 72898 8 312 342
584000 73052 0 72948 8 312 342
584400 73108 0 72992 8 312 342
584800 73164 0 73036 8 312 342
585200 73217 0 73083 8 312 342
585600 73272 0 73128 8 312 342
586000 73322 0 73178 8 312 342
586400 73371 0 73229 8 312 342
586800 73418 0 73282 8 312 342
587200 73467 0 73333 8 312 342
587600 73519 0 73381 8 312 342
588000 73583 0 73417 8 312 342
588400 73636 0 73464 8 312 342
588800 73692 0 73508 8 312 342
589200 73740 0 73560 8 312 342
589600 73790 0 73610 8 312 342
590000 73847 0 73653 8 312 342
590400 73900 0 73700 8 312 342
590800 73952 0 73748 8 312 342
591200 74003 0 73797 8 312 342
591600 74046 0 73854 8 312 342
592000 74100 0 73900 8 312 342
592400 74145 0 73955 8 312 342
592800 74188 0 74012 8 312 342
593200 74227 0 74073 8 312 342
593600 74270 0 74130 8 312 342
594000 74322 0 74178 8 312 342
594400 74371 0 74229 8 312 342
594800 74426 0 74274 8 312 342
595200 74482 0 74318 8 312 342
595600 74528 0 74372 8 312 342
596000 74575 0 74425 8 312 342
596400 74621 0 74479 8 312 342
596800 74664 0 74536 8 312 342
597200 74708 0 74592 8 312 342
597600 74760 0 74640 8 312 342
598000 74812 0 74688 8 312 342
598400 74860 0 74740 8 312 342
598800 74912 0 74788 8 312 342
599200 74957 0 74843 8 312 342
599600 75008 0 74892 8 312 342
600000 75056 0 74944 8 312 342
600400 75106 0 74994 8 312 342
600800 75154 0 75046 8 312 342
601200 75200 0 75100 8 312 342
601600 75248 0 75152 8 312 342
602000 75301 0 75199 8 312 342
602400 75353 0 75247 8 312 342
602800 75401 0 75299 8 312 342
603200 75452 0 75348 8 312 342
603600 75501 0 75399 8 312 342
604000 75550 0 75450 8 312 342
604400 75590 0 75510 8 312 342
604800 75633 0 75567 8 312 342
605200 75692 0 75608 8 312 342
605600 75736 0 75664 8 312 342
606000 75794 0 75706 8 312 342
606400 75851 0 75749 8 312 342
606800 75888 0 75812 9 311 341
607200 75938 0 75862 9 311 341
607600 75995 0 75905 9 311 341
608000 76042 0 75958 9 311 341
608400 76089 0 76011 9 311 341
608800 76126 0 76074 9 311 341
609200 76177 0 76123 9 311 341
609600 76225 0 76175 9 311 341
610000 76270 0 76230 9 311 341
610400 76323 0 76277 9 311 341
610800 76365 0 76335 9 311 341
611200 76421 0 76379 9 311 341
611600 76470 0 76430 9 311 341
612000 76524 0 76476 9 311 341
612400 76575 0 76525 9 311 341
612800 76624 0 76576 9 311 341
613200 76678 0 76622 9 311 341
613600 76726 0 76674 9 311 341
614000 76782 0 76718 9 311 341
614400 76824 0 76776 9 311 341
614800 76868 0 76832 9 311 341
615200 76931 0 76869 9 311 341
615600 76981 0 76919 9 311 341
616000 77033 0 76967 9 311 341
616400 77081 0 77019 9 311 341
616800 77133 0 77067 9 311 341
617200 77180 0 77120 9 311 341
617600 77229 0 77171 9 311 341
618000 77270 0 77230 9 311 341
618400 77317 0 77283 9 311 341
618800 77365 0 77335 9 311 341
619200 77406 0 77394 9 311 341
619600 77454 0 77446 9 311 341
620000 77516 0 77484 9 311 341
620400 77565 0 77535 9 311 341
620800 77615 0 77585 9 311 341
621200 77674 0 77626 9 311 341
621600 77723 0 77677 9 311 341
622000 77769 0 77731 9 311 341
622400 77820 0 77780 9 311 341
622800 77871 0 77829 9 311 341
623200 77934 0 77866 9 311 341
623600 77981 0 77919 9 311 341
624000 78025 0 77975 9 311 341
624400 78071 0 78029 9 311 341
624800 78116 0 78084 9 311 341
625200 78165 0 78135 9 311 341
625600 78210 0 78190 9 311 341
626000 78264 0 78236 9 311 341
626400 78316 0 78284 9 311 341
626800 78364 0 78336 9 311 341
627200 78415 0 78385 9 311 341
627600 78471 0 78429 9 311 341
628000 78520 0 78480 9 311 341
628400 78569 0 78531 9 311 341
628800 78623 0 78577 9 311 341
629200 78676 0 78624 9 311 341
629600 78727 0 78673 9 311 341
630000 78778 0 78722 9 311 341
630400 78833 0 78767 9 311 341
630800 78880 0 78820 9 311 341
631200 78926 0 78874 9 311 341
631600 78976 0 78924 9 311 341
632000 79022 0 78978 9 311 341
632400 79080 0 79020 9 311 341
632800 79138 0 79062 9 311 341
633200 79188 0 79112 9 311 341
633600 79239 0 79161 9 311 341
634000 79294 0 79206 9 311 341
634400 79339 0 79261 9 311 341
634800 79400 0 79300 9 311 341
635200 79452 0 79348 9 311 341
635600 79504 0 79396 9 311 341
636000 79559 0 79441 9 311 341
636400 79605 0 79495 9 311 341
636800 79650 0 79550 9 311 341
637200 79699 0 79601 9 311 341
637600 79744 0 79656 9 311 341
638000 79795 0 79705 9 311 341
638400 79850 0 79750 9 311 341
638800 79910 0 79790 9 311 341
639200 79956 0 79844 9 311 341
639600 80000 0 79900 9 311 341
640000 80048 0 79952 9 311 341
640400 80096 0 80004 9 311 341
640800 80149 0 80051 9 311 341
641200 80198 0 80102 9 311 341
641600 80249 0 80151 9 311 341
642000 80295 0 80205 9 311 341
642400 80335 0 80265 9 311 341
642800 80384 0 80316 9 311 341
643200 80436 0 80364 9 311 341
643600 80488 0 80412 9 311 341
644000 80530 0 80470 9 311 341
644400 80583 0 80517 9 311 341
644800 80638 0 80562 9 311 341
645200 80687 0 80613 9 311 341
645600 80746 0 80654 9 311 341
646000 80796 0 80704 9 311 341
646400 80848 0 80752 9 311 341
646800 80893 0 80807 9 311 341
647200 80941 0 80859 9 311 341
647600 80998 0 80902 9 311 341
648000 81050 0 80950 9 311 341
648400 81095 0 81005 9 311 341
648800 81144 0 81056 9 311 341
649200 81194 0 81106 9 311 341
649600 81238 0 81162 9 311 341
650000 81277 0 81223 9 311 341
650400 81320 0 81280 9 311 341
650800 81376 0 81324 9 311 341
651200 81427 0 81373 9 311 341
651600 81480 0 81420 9 311 341
652000 81530 0 81470 9 311 341
652400 81581 0 81519 9 311 341
652800 81638 0 81562 9 311 341
653200 81678 0 81622 9 311 341
653600 81734 0 81666 9 311 341
654000 81793 0 81707 9 311 341
654400 81844 0 81756 9 311 341
654800 81887 0 81813 9 311 341
655200 81940 0 81860 9 311 341
655600 81992 0 81908 9 311 341
656000 82034 0 81966 9 311 341
656400 82081 0 82019 9 311 341
656800 82139 0 82061 9 311 341
657200 82177 0 82123 9 311 341
657600 82227 0 82173 9 311 341
658000 82277 0 82223 9 311 341
658400 82324 0 82276 9 311 341
658800 82365 0 82335 9 311 341
659200 82413 0 82387 9 311 341
659600 82461 0 82439 9 311 341
660000 82507 0 82493 9 311 341
660400 82561 0 82539 9 311 341
660800 82607 0 82593 9 311 341
661200 82659 0 82641 9 311 341
661600 82709 0 82691 9 311 341
662000 82759 0 82741 9 311 341
662400 82799 0 82801 9 311 341
662800 82843 0 82857 9 311 341
663200 82892 0 82908 9 311 341
663600 82950 0 82950 9 311 341
664000 82996 0 83004 9 311 341
664400 83035 0 83065 9 311 341
664800 83079 0 83121 9 311 341
665200 83141 0 83159 9 311 341
665600 83201 0 83199 9 311 341
666000 83248 0 83252 9 311 341
666400 83296 0 83304 9 311 341
666800 83343 0 83357 9 311 341
667200 83384 0 83416 9 311 341
667600 83444 0 83456 9 311 341
668000 83499 0 83501 9 311 341
668400 83549 0 83551 9 311 341
668800 83606 0 83594 9 311 341
669200 83644 0 83656 9 311 341
669600 83694 0 83706 9 311 341
670000 83738 0 83762 9 311 341
670400 83783 0 83817 9 311 341
670800 83830 0 83870 9 311 341
671200 83876 0 83924 9 311 341
671600 83921 0 83979 9 311 341
672000 83973 0 84027 9 311 341
672400 84025 0 84075 9 311 341
672800 84084 0 84116 9 311 341
673200 84128 0 84172 9 311 341
673600 84176 0 84224 9 311 341
674000 84221 0 84279 9 311 341
674400 84277 0 84323 9 311 341
674800 84331 0 84369 9 311 341
675200 84385 0 84415 9 311 341
675600 84439 0 84461 9 311 341
676000 84491 0 84509 9 311 341
676400 84546 0 84554 9 311 341
676800 84592 0 84608 9 311 341
677200 84638 0 84662 9 311 341
677600 84680 0 84720 9 311 341
678000 84728 0 84772 9 311 341
678400 84772 0 84828 9 311 341
678800 84823 0 84877 9 311 341
679200 84865 0 84935 9 311 341
679600 84901 0 84999 9 311 341
680000 84943 0 85057 9 311 341
680400 84993 0 85107 9 311 341
680800 85047 0 85153 9 311 341
681200 85097 0 85203 9 311 341
681600 85142 0 85258 9 311 341
682000 85186 0 85314 9 311 341
682400 85245 0 85355 9 311 341
682800 85298 0 85402 9 311 341
683200 85350 0 85450 9 311 341
683600 85395 0 85505 9 311 341
684000 85445 0 85555 9 311 341
684400 85488 0 85612 9 311 341
684800 85537 0 85663 9 311 341
685200 85587 0 85713 9 311 341
685600 85637 0 85763 9 311 341
686000 85685 0 85815 9 311 341
686400 85733 0 85867 9 311 341
686800 85785 0 85915 9 311 341
687200 85835 0 85965 9 311 341
687600 85879 0 86021 9 311 341
688000 85930 0 86070 9 311 341
688400 85977 0 86123 9 311 341
688800 86032 0 86168 9 311 341
689200 86088 0 86212 9 311 341
689600 86136 0 86264 9 311 341
690000 86186 0 86314 9 311 341
690400 86240 0 86360 9 311 341
690800 86284 0 86416 9 311 341
691200 86333 0 86467 9 311 341
691600 86386 0 86514 9 311 341
692000 86432 0 86568 9 311 341
692400 86477 0 86623 9 311 341
692800 86521 0 86679 9 311 341
693200 86568 0 86732 9 311 341
693600 86618 0 86782 9 311 341
694000 86673 0 86827 9 311 341
694400 86720 0 86880 9 311 341
694800 86768 0 86932 9 311 341
695200 86817 0 86983 9 311 341
695600 86868 0 87032 9 311 341
696000 86920 0 87080 9 311 341
696400 86966 0 87134 9 311 341
696800 87020 0 87180 9 311 341
697200 87066 0 87234 9 311 341
697600 87113 0 87287 9 311 341
698000 87172 0 87328 9 311 341
698400 87220 0 87380 9 311 341
698800 87274 0 87426 9 311 341
699200 87325 0 87475 9 311 341
699600 87377 0 87523 9 311 341
700000 87427 0 87573 9 311 341
700400 87473 0 87627 9 311 341
700800 87528 0 87672 9 311 341
701200 87577 0 87723 9 311 341
701600 87619 0 87781 9 311 341
702000 87672 0 87828 9 311 341
702400 87725 0 87875 9 311 341
702800 87769 0 87931 9 311 341
703200 87825 0 87975 9 311 341
703600 87878 0 88022 9 311 341
704000 87925 0 88075 9 311 341
704400 87967 0 88133 9 311 341
704800 88005 0 88195 9 311 341
705200 88065 0 88235 9 311 341
705600 88109 0 88291 9 311 341
706000 88161 0 88339 9 311 341
706400 88208 0 88392 9 311 341
706800 88256 0 88444 9 311 341
707200 88302 0 88498 9 311 341
707600 88355 0 88545 9 311 341
708000 88405 0 88595 9 311 341
708400 88456 0 88644 9 311 341
708800 88495 0 88705 9 311 341
709200 88552 0 88748 9 311 341
709600 88592 0 88808 9 311 341
710000 88645 0 88855 9 311 341
710400 88690 0 88910 9 311 341
710800 88735 0 88965 9 311 341
711200 88790 0 89010 9 311 341
711600 88842 0 89058 9 311 341
712000 88892 0 89108 9 311 341
712400 88945 0 89155 9 311 341
712800 88994 0 89206 9 311 341
713200 89041 0 89259 9 311 341
713600 89094 0 89306 9 311 341
714000 89139 0 89361 9 311 341
714400 89199 0 89401 9 311 341
714800 89256 0 89444 9 311 341
715200 89303 0 89497 9 311 341
715600 89356 0 89544 9 311 341
716000 89394 0 89606 9 311 341
716400 89441 0 89659 9 311 341
716800 89496 0 89704 9 311 341
717200 89534 0 89766 9 311 341
717600 89589 0 89811 9 311 341
718000 89640 0 89860 9 311 341
718400 89694 0 89906 9 311 341
718800 89743 0 89957 9 311 341
719200 89790 0 90010 9 311 341
719600 89845 0 90055 9 311 341
720000 89896 0 90104 9 311 341
720400 89955 0 90145 9 311 341
720800 89999 0 90201 9 311 341
721200 90045 0 90255 9 311 341
721600 90099 0 90301 9 311 341
722000 90147 0 90353 9 311 341
722400 90206 0 90394 9 311 341
722800 90252 0 90448 9 311 341
723200 90302 0 90498 9 311 341
723600 90355 0 90545 9 311 341
724000 90398 0 90602 9 311 341
724400 90442 0 90658 9 311 341
724800 90489 0 90711 9 311 341
725200 90543 0 90757 9 311 341
725600 90591 0 90809 9 311 341
726000 90645 0 90855 9 311 341
726400 90707 0 90893 9 311 341
726800 90754 0 90946 9 311 341
727200 90805 0 90995 9 311 341
727600 90851 0 91049 9 311 341
728000 90907 0 91093 9 311 341
728400 90960 0 91140 9 311 341
728800 91009 0 91191 9 311 341
729200 91060 0 91240 9 311 341
729600 91118 0 91282 9 311 341
730000 91172 0 91328 9 311 341
730400 91215 0 91385 9 311 341
730800 91261 0 91439 9 311 341
731200 91307 0 91493 9 311 341
731600 91357 0 91543 9 311 341
732000 91410 0 91590 9 311 341
732400 91447 0 91653 9 311 341
732800 91488 0 91712 9 311 341
733200 91536 0 91764 9 311 341
733600 91586 0 91814 9 311 341
734000 91635 0 91865 9 311 341
734400 91683 0 91917 9 311 341
734800 91738 0 91962 9 311 341
735200 91789 0 92011 9 311 341
735600 91835 0 92065 9 311 341
736000 91883 0 92117 9 311 341
736400 91937 0 92163 9 311 341
736800 91990 0 92210 9 311 341
737200 92036 0 92264 9 311 341
737600 92087 0 92313 9 311 341
738000 92133 0 92367 9 311 341
738400 92182 0 92418 9 311 341
738800 92235 0 92465 9 311 341
739200 92280 0 92520 9 311 341
739600 92332 0 92568 9 311 341
740000 92386 0 92614 9 311 341
740400 92431 0 92669 9 311 341
740800 92474 0 92726 9 311 341
741200 92518 0 92782 9 311 341
741600 92571 0 92829 9 311 341
742000 92628 0 92872 9 311 341
742400 92671 0 92929 9 311 341
742800 92719 0 92981 9 311 341
743200 92771 0 93029 9 311 341
743600 92829 0 93071 9 311 341
744000 92881 0 93119 9 311 341
744400 92928 0 93172 9 311 341
744800 92987 0 93213 9 311 341
745200 93047 0 93253 9 311 341
745600 93101 0 93299 9 311 341
746000 93150 0 93350 9 311 341
746400 93200 0 93400 9 311 341
746800 93244 0 93456 9 311 341
747200 93292 0 93508 9 311 341
747600 93346 0 93554 9 311 341
748000 93401 0 93599 9 311 341
748400 93449 0 93651 9 311 341
748800 93502 0 93698 9 311 341
749200 93549 0 93751 9 311 341
749600 93599 0 93801 9 311 341
750000 93645 0 93855 9 311 341
750400 93693 0 93907 9 311 341
750800 93736 0 93964 9 311 341
751200 93790 0 94010 9 311 341
751600 93848 0 94052 9 311 341
752000 93896 0 94104 9 311 341
752400 93933 0 94167 9 311 341
752800 93980 0 94220 9 311 341
753200 94035 0 94265 9 311 341
753600 94087 0 94313 9 311 341
754000 94135 0 94365 9 311 341
754400 94187 0 94413 9 311 341
754800 94234 0 94466 9 311 341
755200 94278 0 94522 9 311 341
755600 94318 0 94582 9 311 341
756000 94370 0 94630 9 311 341
756400 94426 0 94674 9 311 341
756800 94477 0 94723 9 311 341
757200 94515 0 94785 9 311 341
757600 94573 0 94827 9 311 341
758000 94625 0 94875 9 311 341
758400 94660 0 94940 9 311 341
758800 94706 0 94994 9 311 341
759200 94762 0 95038 9 311 341
759600 94819 0 95081 9 311 341
760000 94864 0 95136 9 311 341
760400 94911 0 95189 9 311 341
760800 94957 0 95243 9 311 341
761200 95007 0 95293 9 311 341
761600 95058 0 95342 9 311 341
762000 95109 0 95391 9 311 341
762400 95160 0 95440 9 311 341
762800 95210 0 95490 9 311 341
763200 95257 0 95543 9 311 341
763600 95309 0 95591 9 311 341
764000 95358 0 95642 9 311 341
764400 95402 0 95698 9 311 341
764800 95452 0 95748 9 311 341
765200 95503 0 95797 9 311 341
765600 95561 0 95839 9 311 341
766000 95605 0 95895 9 311 341
766400 95645 0 95955 9 311 341
766800 95686 0 96014 9 311 341
767200 95734 0 96066 9 311 341
767600 95783 0 96117 9 311 341
768000 95833 0 96167 9 311 341
768400 95876 0 96224 9 311 341
768800 95928 0 96272 9 311 341
769200 95977 0 96323 9 311 341
769600 96038 0 96362 9 311 341
770000 96084 0 96416 9 311 341
770400 96135 0 96465 9 311 341
770800 96188 0 96512 9 311 341
771200 96240 0 96560 9 311 341
771600 96286 0 96614 9 311 341
772000 96337 0 96663 9 311 341
772400 96384 0 96716 9 311 341
772800 96446 0 96754 9 311 341
773200 96496 0 96804 9 311 341
773600 96549 0 96851 9 311 341
774000 96604 0 96896 9 311 341
774400 96663 0 96937 9 311 341
774800 96722 0 96978 9 311 341
775200 96770 0 97030 9 311 341
775600 96818 0 97082 9 311 341
776000 96869 0 97131 9 311 341
776400 96920 0 97180 9 311 341
776800 96973 0 97227 9 311 341
777200 97017 0 97283 9 311 341
777600 97053 0 97347 9 311 341
778000 97105 0 97395 9 311 341
778400 97160 0 97440 9 311 341
778800 97209 0 97491 9 311 341
779200 97253 0 97547 9 311 341
779600 97305 0 97595 9 311 341
780000 97359 0 97641 9 311 341
780400 97410 0 97690 9 311 341
780800 97458 0 97742 9 311 341
781200 97509 0 97791 9 311 341
781600 97561 0 97839 9 311 341
782000 97615 0 97885 9 311 341
782400 97657 0 97943 9 311 341
782800 97715 0 97985 9 311 341
783200 97766 0 98034 9 311 341
783600 97817 0 98083 9 311 341
784000 97862 0 98138 9 311 341
784400 97904 0 98196 9 311 341
784800 97947 0 98253 9 311 341
785200 97990 0 98310 9 311 341
785600 98045 0 98355 9 311 341
786000 98096 0 98404 9 311 341
786400 98149 0 98451 9 311 341
786800 98197 0 98503 9 311 341
787200 98239 0 98561 9 311 341
787600 98285 0 98615 9 311 341
788000 98335 0 98665 9 311 341
788400 98388 0 98712 9 311 341
788800 98446 0 98754 9 311 341
789200 98495 0 98805 9 311 341
789600 98538 0 98862 9 311 341
790000 98587 0 98913 9 311 341
790400 98639 0 98961 9 311 341
790800 98688 0 99012 9 311 341
791200 98734 0 99066 9 311 341
791600 98771 0 99129 9 311 341
792000 98815 0 99185 9 311 341
792400 98862 0 99238 9 311 341
792800 98918 0 99282 10 310 340
793200 98967 0 99333 10 310 340
793600 99020 0 99380 10 310 340
794000 99079 1 99421 10 311 341
794400 99126 1 99474 11 310 340
794800 99181 1 99519 11 310 340
795200 99227 1 99573 11 310 340
795600 99277 1 99623 11 310 340
796000 99327 1 99673 11 310 340
796400 99369 1 99731 11 310 340
796800 99417 1 99783 11 310 340
797200 99461 1 99839 11 310 340
797600 99508 1 99892 11 310 340
798000 99563 1 99937 11 310 340
798400 99614 1 99986 11 310 340
798800 99661 1 100039 11 310 340
799200 99713 1 100087 11 310 340
799600 99763 1 100137 11 310 340
800000 99815 1 100185 11 310 340
800400 99860 1 100240 11 310 340
800800 99912 1 100288 11 310 340
801200 99958 1 100342 11 310 340
801600 100005 1 100395 11 310 340
802000 100056 1 100444 11 310 340
802400 100114 1 100486 11 310 340
802800 100172 1 100528 11 310 340
803200 100217 1 100583 11 310 340
803600 100274 1 100626 11 310 340
804000 100331 1 100669 11 310 340
804400 100385 1 100715 11 310 340
804800 100435 1 100765 11 310 340
805200 100481 1 100819 11 310 340
805600 100532 1 100868 11 310 340
806000 100577 1 100923 11 310 340
806400 100625 1 100975 11 310 340
806800 100673 1 101027 11 310 340
807200 100720 1 101080 11 310 340
807600 100774 1 101126 11 310 340
808000 100822 1 101178 11 310 340
808400 100867 1 101233 11 310 340
808800 100909 1 101291 11 310 340
809200 100949 1 101351 11 310 340
809600 101005 1 101395 11 310 340
810000 101061 1 101439 11 310 340
810400 101117 1 101483 11 310 340
810800 101176 1 101524 11 310 340
811200 101221 1 101579 11 310 340
811600 101274 1 101626 11 310 340
812000 101325 1 101675 11 310 340
812400 101363 1 101737 11 310 340
812800 101409 1 101791 11 310 340
813200 101468 1 101832 11 310 340
813600 101517 1 101883 11 310 340
814000 101568 1 101932 11 310 340
814400 101620 1 101980 11 310 340
814800 101671 1 102029 11 310 340
815200 101718 1 102082 11 310 340
815600 101768 1 102132 11 310 340
816000 101817 1 102183 11 310 340
816400 101871 1 102229 11 310 340
816800 101918 1 102282 11 310 340
817200 101971 1 102329 11 310 340
817600 102022 1 102378 11 310 340
818000 102074 1 102426 11 310 340
818400 102119 1 102481 11 310 340
818800 102168 1 102532 11 310 340
819200 102226 1 102574 11 310 340
819600 102276 1 102624 11 310 340
820000 102327 1 102673 11 310 340
820400 102387 1 102713 11 310 340
820800 102438 1 102762 11 310 340
821200 102481 1 102819 11 310 340
821600 102525 1 102875 11 310 340
822000 102577 1 102923 11 310 340
822400 102621 1 102979 11 310 340
822800 102670 1 103030 11 310 340
823200 102721 1 103079 11 310 340
823600 102760 1 103140 11 310 340
824000 102809 1 103191 11 310 340
824400 102861 1 103239 11 310 340
824800 102899 1 103301 11 310 340
825200 102954 1 103346 11 310 340
825600 103006 1 103394 11 310 340
826000 103057 1 103443 11 310 340
826400 103113 1 103487 11 310 340
826800 103164 1 103536 11 310 340
827200 103208 1 103592 11 310 340
827600 103260 1 103640 11 310 340
828000 103306 1 103694 11 310 340
828400 103358 1 103742 11 310 340
828800 103404 1 103796 11 310 340
829200 103460 1 103840 11 310 340
829600 103504 1 103896 11 310 340
830000 103551 1 103949 11 310 340
830400 103594 1 104006 11 310 340
830800 103659 1 104041 11 310 340
831200 103710 1 104090 11 310 340
831600 103757 1 104143 11 310 340
832000 103794 1 104206 11 310 340
832400 103841 1 104259 11 310 340
832800 103889 1 104311 11 310 340
833200 103934 1 104366 11 310 340
833600 103990 1 104410 11 310 340
834000 104040 1 104460 11 310 340
834400 104090 1 104510 11 310 340
834800 104134 1 104566 11 310 340
835200 104189 1 104611 11 310 340
835600 104238 1 104662 11 310 340
836000 104291 1 104709 11 310 340
836400 104340 1 104760 11 310 340
836800 104393 1 104807 11 310 340
837200 104445 1 104855 11 310 340
837600 104498 1 104902 11 310 340
838000 104549 1 104951 11 310 340
838400 104606 1 104994 11 310 340
838800 104648 1 105052 11 310 340
839200 104692 1 105108 11 310 340
839600 104736 1 105164 11 310 340
840000 104793 1 105207 11 310 340
840400 104838 1 105262 11 310 340
840800 104887 1 105313 11 310 340
841200 104937 1 105363 11 310 340
841600 104980 1 105420 11 310 340
842000 105035 1 105465 11 310 340
842400 105085 1 105515 11 310 340
842800 105141 1 105559 11 310 340
843200 105186 1 105614 11 310 340
843600 105234 1 105666 11 310 340
844000 105278 1 105722 11 310 340
844400 105324 1 105776 11 310 340
844800 105376 1 105824 11 310 340
845200 105427 1 105873 11 310 340
845600 105479 1 105921 11 310 340
846000 105520 1 105980 11 310 340
846400 105570 1 106030 11 310 340
846800 105620 1 106080 11 310 340
847200 105668 1 106132 11 310 340
847600 105715 1 106185 11 310 340
848000 105758 1 106242 11 310 340
848400 105808 1 106292 11 310 340
848800 105862 1 106338 11 310 340
849200 105902 1 106398 11 310 340
849600 105953 1 106447 11 310 340
850000 106004 1 106496 11 310 340
850400 106063 1 106537 11 310 340
850800 106114 1 106586 11 310 340
851200 106159 1 106641 11 310 340
851600 106199 1 106701 11 310 340
852000 106243 1 106757 11 310 340
852400 106302 1 106798 11 310 340
852800 106350 1 106850 11 310 340
853200 106393 1 106907 11 310 340
853600 106444 1 106956 11 310 340
854000 106494 1 107006 11 310 340
854400 106546 1 107054 11 310 340
854800 106596 1 107104 11 310 340
855200 106641 1 107159 11 310 340
855600 106689 1 107211 11 310 340
856000 106741 1 107259 11 310 340
856400 106792 1 107308 11 310 340
856800 106843 1 107357 11 310 340
857200 106898 1 107402 11 310 340
857600 106942 1 107458 11 310 340
858000 106988 1 107512 11 310 340
858400 107039 1 107561 11 310 340
858800 107094 1 107606 11 310 340
859200 107154 1 107646 11 310 340
859600 107207 1 107693 11 310 340
860000 107254 1 107746 11 310 340
860400 107305 1 107795 11 310 340
860800 107352 1 107848 11 310 340
861200 107398 1 107902 11 310 340
861600 107447 1 107953 11 310 340
862000 107492 1 108008 11 310 340
862400 107540 1 108060 11 310 340
862800 107590 1 108110 11 310 340
863200 107645 1 108155 11 310 340
863600 107696 1 108204 11 310 340
864000 107748 1 108252 11 310 340
864400 107801 1 108299 11 310 340
864800 107853 1 108347 11 310 340
865200 107897 1 108403 11 310 340
865600 107950 1 108450 11 310 340
866000 107992 1 108508 11 310 340
866400 108034 1 108566 11 310 340
866800 108083 1 108617 11 310 340
867200 108136 1 108664 11 310 340
867600 108192 1 108708 11 310 340
868000 108245 1 108755 11 310 340
868400 108288 1 108812 11 310 340
868800 108346 1 108854 11 310 340
869200 108391 1 108909 11 310 340
869600 108442 1 108958 11 310 340
870000 108483 1 109017 11 310 340
870400 108539 1 109061 11 310 340
870800 108588 1 109112 11 310 340
871200 108640 1 109160 11 310 340
871600 108705 1 109195 11 310 340
872000 108764 1 109236 11 310 340
872400 108812 1 109288 11 310 340
872800 108859 1 109341 11 310 340
873200 108912 1 109388 11 310 340
873600 108961 1 109439 11 310 340
874000 109016 1 109484 11 310 340
874400 109067 1 109533 11 310 340
874800 109118 1 109582 11 310 340
875200 109176 1 109624 11 310 340
875600 109225 1 109675 11 310 340
876000 109271 1 109729 11 310 340
876400 109320 1 109780 11 310 340
876800 109372 1 109828 11 310 340
877200 109424 1 109876 11 310 340
877600 109473 1 109927 11 310 340
878000 109519 1 109981 11 310 340
878400 109571 1 110029 11 310 340
878800 109627 1 110073 11 310 340
879200 109674 1 110126 11 310 340
879600 109718 1 110182 11 310 340
880000 109765 1 110235 11 310 340
880400 109816 1 110284 11 310 340
880800 109871 1 110329 11 310 340
881200 109915 1 110385 11 310 340
881600 109966 1 110434 11 310 340
882000 110007 1 110493 11 310 340
882400 110064 1 110536 11 310 340
882800 110109 1 110591 11 310 340
883200 110171 1 110629 11 310 340
883600 110217 1 110683 11 310 340
884000 110271 1 110729 11 310 340
884400 110328 1 110772 11 310 340
884800 110375 1 110825 11 310 340
885200 110428 1 110872 11 310 340
885600 110476 1 110924 11 310 340
886000 110527 1 110973 11 310 340
886400 110582 1 111018 11 310 340
886800 110630 1 111070 11 310 340
887200 110689 1 111111 11 310 340
887600 110742 1 111158 11 310 340
888000 110781 1 111219 11 310 340
888400 110830 1 111270 11 310 340
888800 110875 1 111325 11 310 340
889200 110926 1 111374 11 310 340
889600 110975 1 111425 11 310 340
890000 111025 1 111475 11 310 340
890400 111063 1 111537 11 310 340
890800 111120 1 111580 11 310 340
891200 111174 1 111626 11 310 340
891600 111220 1 111680 11 310 340
892000 111275 1 111725 11 310 340
892400 111332 1 111768 11 310 340
892800 111386 1 111814 11 310 340
893200 111438 1 111862 11 310 340
893600 111490 1 111910 11 310 340
894000 111544 1 111956 11 310 340
894400 111589 1 112011 11 310 340
894800 111641 1 112059 11 310 340
895200 111691 1 112109 11 310 340
895600 111738 1 112162 11 310 340
896000 111798 1 112202 11 310 340
896400 111848 1 112252 11 310 340
896800 111894 1 112306 11 310 340
897200 111945 1 112355 11 310 340
897600 111995 1 112405 11 310 340
898000 112044 1 112456 11 310 340
898400 112097 1 112503 11 310 340
898800 112155 1 112545 11 310 340
899200 112205 1 112595 11 310 340
899600 112262 1 112638 11 310 340
900000 112312 1 112688 11 310 340
900400 112370 1 112730 11 310 340
900800 112413 1 112787 11 310 340
901200 112469 1 112831 11 310 340
901600 112510 1 112890 11 310 340
902000 112559 1 112941 11 310 340
902400 112606 1 112994 11 310 340
902800 112651 1 113049 11 310 340
903200 112703 1 113097 11 310 340
903600 112752 1 113148 11 310 340
904000 112800 1 113200 11 310 340
904400 112859 1 113241 11 310 340
904800 112907 1 113293 11 310 340
905200 112957 1 113343 11 310 340
905600 113007 1 113393 11 310 340
906000 113061 1 113439 11 310 340
906400 113101 1 113499 11 310 340
906800 113153 1 113547 11 310 340
907200 113207 1 113593 11 310 340
907600 113261 1 113639 11 310 340
908000 113313 1 113687 11 310 340
908400 113372 1 113728 11 310 340
908800 113423 1 113777 11 310 340
909200 113470 1 113830 11 310 340
909600 113529 1 113871 11 310 340
910000 113586 1 113914 11 310 340
910400 113638 1 113962 11 310 340
910800 113685 1 114015 11 310 340
911200 113733 1 114067 11 310 340
911600 113786 1 114114 11 310 340
912000 113826 1 114174 11 310 340
912400 113873 1 114227 11 310 340
912800 113910 1 114290 11 310 340
913200 113962 1 114338 11 310 340
913600 114017 1 114383 11 310 340
914000 114070 1 114430 11 310 340
914400 114127 1 114473 11 310 340
914800 114174 1 114526 11 310 340
915200 114219 1 114581 11 310 340
915600 114276 1 114624 11 310 340
916000 114329 1 114671 11 310 340
916400 114385 1 114715 11 310 340
916800 114431 1 114769 11 310 340
917200 114487 1 114813 11 310 340
917600 114544 1 114856 11 310 340
918000 114593 1 114907 11 310 340
918400 114645 1 114955 11 310 340
918800 114694 1 115006 11 310 340
919200 114746 1 115054 11 310 340
919600 114791 1 115109 11 310 340
920000 114844 1 115156 11 310 340
920400 114893 1 115207 11 310 340
920800 114940 1 115260 11 310 340
921200 114995 1 115305 11 310 340
921600 115046 1 115354 11 310 340
922000 115091 1 115409 11 310 340
922400 115143 1 115457 11 310 340
922800 115202 1 115498 11 310 340
923200 115256 1 115544 11 310 340
923600 115292 1 115608 11 310 340
924000 115336 1 115664 11 310 340
924400 115380 1 115720 11 310 340
924800 115431 1 115769 11 310 340
925200 115489 1 115811 11 310 340
925600 115546 1 115854 11 310 340
926000 115602 1 115898 11 310 340
926400 115650 1 115950 11 310 340
926800 115700 1 116000 11 310 340
927200 115745 1 116055 11 310 340
927600 115801 1 116099 11 310 340
928000 115860 1 116140 11 310 340
928400 115916 1 116184 11 310 340
928800 115960 1 116240 11 310 340
929200 115998 1 116302 11 310 340
929600 116044 1 116356 11 310 340
930000 116093 1 116407 11 310 340
930400 116140 1 116460 11 310 340
930800 116186 1 116514 11 310 340
931200 116227 1 116573 11 310 340
931600 116286 1 116614 11 310 340
932000 116332 1 116668 11 310 340
932400 116378 1 116722 11 310 340
932800 116432 1 116768 11 310 340
933200 116477 1 116823 11 310 340
933600 116526 1 116874 11 310 340
934000 116582 1 116918 11 310 340
934400 116639 1 116961 11 310 340
934800 116691 1 117009 11 310 340
935200 116744 1 117056 11 310 340
935600 116791 1 117109 11 310 340
936000 116839 1 117161 11 310 340
936400 116890 1 117210 11 310 340
936800 116940 1 117260 11 310 340
937200 116983 1 117317 11 310 340
937600 117030 1 117370 11 310 340
938000 117079 1 117421 11 310 340
938400 117122 1 117478 11 310 340
938800 117181 1 117519 11 310 340
939200 117226 1 117574 11 310 340
939600 117275 1 117625 11 310 340
940000 117332 1 117668 11 310 340
940400 117382 1 117718 11 310 340
940800 117439 1 117761 11 310 340
941200 117486 1 117814 11 310 340
941600 117537 1 117863 11 310 340
942000 117593 1 117907 11 310 340
942400 117650 1 117950 11 310 340
942800 117711 1 117989 11 310 340
943200 117760 1 118040 11 310 340
943600 117815 1 118085 11 310 340
944000 117861 1 118139 11 310 340
944400 117915 1 118185 11 310 340
944800 117961 1 118239 11 310 340
945200 118010 1 118290 11 310 340
945600 118057 1 118343 11 310 340
946000 118110 1 118390 11 310 340
946400 118158 1 118442 11 310 340
946800 118209 1 118491 11 310 340
947200 118261 1 118539 11 310 340
947600 118303 1 118597 11 310 340
948000 118347 1 118653 11 310 340
948400 118399 1 118701 11 310 340
948800 118448 1 118752 11 310 340
949200 118499 1 118801 11 310 340
949600 118546 1 118854 11 310 340
950000 118589 1 118911 11 310 340
950400 118643 1 118957 11 310 340
950800 118696 1 119004 11 310 340
951200 118737 1 119063 11 310 340
951600 118788 1 119112 11 310 340
952000 118830 1 119170 11 310 340
952400 118878 1 119222 11 310 340
952800 118935 1 119265 11 310 340
953200 118986 1 119314 11 310 340
953600 119032 1 119368 11 310 340
954000 119072 1 119428 11 310 340
954400 119121 1 119479 11 310 340
954800 119173 1 119527 11 310 340
955200 119226 1 119574 11 310 340
955600 119266 1 119634 11 310 340
956000 119320 1 119680 11 310 340
956400 119372 1 119728 11 310 340
956800 119424 1 119776 11 310 340
957200 119479 1 119821 11 310 340
957600 119536 1 119864 11 310 340
958000 119579 1 119921 11 310 340
958400 119624 1 119976 11 310 340
958800 119667 1 120033 11 310 340
959200 119710 1 120090 11 310 340
959600 119759 1 120141 11 310 340
960000 119819 1 120181 11 310 340
960400 119870 1 120230 11 310 340
960800 119924 1 120276 11 310 340
961200 119982 1 120318 11 310 340
961600 120031 1 120369 11 310 340
962000 120085 1 120415 11 310 340
962400 120135 1 120465 11 310 340
962800 120192 1 120508 11 310 340
963200 120246 1 120554 11 310 340
963600 120287 1 120613 11 310 340
964000 120337 1 120663 11 310 340
964400 120385 1 120715 11 310 340
964800 120426 1 120774 11 310 340
965200 120479 1 120821 11 310 340
965600 120527 1 120873 11 310 340
966000 120569 1 120931 11 310 340
966400 120618 1 120982 11 310 340
966800 120662 1 121038 11 310 340
967200 120706 1 121094 11 310 340
967600 120747 1 121153 11 310 340
968000 120798 1 121202 11 310 340
968400 120852 1 121248 11 310 340
968800 120908 1 121292 11 310 340
969200 120953 1 121347 11 310 340
969600 121005 1 121395 11 310 340
970000 121054 1 121446 11 310 340
970400 121099 1 121501 11 310 340
970800 121149 1 121551 11 310 340
971200 121198 1 121602 11 310 340
971600 121250 1 121650 11 310 340
972000 121295 1 121705 11 310 340
972400 121345 1 121755 11 310 340
972800 121390 1 121810 11 310 340
973200 121442 1 121858 11 310 340
973600 121494 1 121906 11 310 340
974000 121536 1 121964 11 310 340
974400 121588 1 122012 11 310 340
974800 121640 1 122060 11 310 340
975200 121698 1 122102 11 310 340
975600 121751 1 122149 11 310 340
976000 121801 1 122199 11 310 340
976400 121847 1 122253 11 310 340
976800 121905 1 122295 11 310 340
977200 121947 1 122353 11 310 340
977600 122003 1 122397 11 310 340
978000 122053 1 122447 11 310 340
978400 122100 1 122500 11 310 340
978800 122155 1 122545 11 310 340
979200 122208 1 122592 11 310 340
979600 122263 1 122637 11 310 340
980000 122314 1 122686 11 310 340
980400 122359 1 122741 11 310 340
980800 122404 1 122796 11 310 340
981200 122456 1 122844 11 310 340
981600 122506 1 122894 11 310 340
982000 122557 1 122943 11 310 340
982400 122599 1 123001 11 310 340
982800 122649 1 123051 11 310 340
983200 122698 1 123102 11 310 340
983600 122747 1 123153 11 310 340
984000 122792 1 123208 11 310 340
984400 122842 1 123258 11 310 340
984800 122885 1 123315 11 310 340
985200 122937 1 123363 11 310 340
985600 122980 1 123420 11 310 340
986000 123034 1 123466 11 310 340
986400 123083 1 123517 11 310 340
986800 123133 1 123567 11 310 340
987200 123181 1 123619 11 310 340
987600 123230 1 123670 11 310 340
988000 123272 1 123728 11 310 340
988400 123330 1 123770 11 310 340
988800 123380 1 123820 11 310 340
989200 123425 1 123875 11 310 340
989600 123470 1 123930 11 310 340
990000 123512 1 123988 11 310 340
990400 123553 1 124047 11 310 340
990800 123605 1 124095 11 310 340
991200 123656 1 124144 11 310 340
991600 123701 1 124199 11 310 340
992000 123748 1 124252 11 310 340
992400 123790 1 124310 11 310 340
992800 123847 1 124353 11 310 340
993200 123889 1 124411 11 310 340
993600 123948 1 124452 11 310 340
994000 123996 1 124504 11 310 340
994400 124044 1 124556 11 310 340
994800 124099 1 124601 11 310 340
995200 124139 1 124661 11 310 340
995600 124193 1 124707 11 310 340
996000 124239 1 124761 11 310 340
996400 124292 1 124808 11 310 340
996800 124338 1 124862 11 310 340
997200 124397 1 124903 11 310 340
997600 124450 1 124950 11 310 340
998000 124499 1 125001 11 310 340
998400 124548 1 125052 11 310 340
998800 124599 1 125101 11 310 340
999200 124656 1 125144 11 310 340
999600 124702 1 125198 11 310 340
1000000 124760 1 125240 11 310 340
