# Time-averaged data for fix agcmcstat
# TimeStep v_wiatt v_wiacc v_wdatt v_wdacc v_nacn v_nmob
0 0 0 0 0 320 350
400 64 0 36 0 320 350
800 121 0 79 0 320 350
1200 175 0 125 0 320 350
1600 228 0 172 0 320 350
2000 278 0 222 0 320 350
2400 329 0 271 0 320 350
2800 392 0 308 0 320 350
3200 439 0 361 0 320 350
3600 495 0 405 0 320 350
4000 544 0 456 0 320 350
4400 598 0 502 0 320 350
4800 649 0 551 0 320 350
5200 699 0 601 0 320 350
5600 752 0 648 0 320 350
6000 797 0 703 0 320 350
6400 847 0 753 0 320 350
6800 894 0 806 0 320 350
7200 944 0 856 0 320 350
7600 1002 0 898 0 320 350
8000 1055 0 945 0 320 350
8400 1107 0 993 0 320 350
8800 1152 0 1048 0 320 350
9200 1204 0 1096 0 320 350
9600 1250 0 1150 0 320 350
10000 1310 0 1190 0 320 350
10400 1361 0 1239 0 320 350
10800 1416 0 1284 0 320 350
11200 1462 0 1338 0 320 350
11600 1519 0 1381 0 320 350
12000 1568 0 1432 0 320 350
12400 1607 0 1493 0 320 350
12800 1657 0 1543 0 320 350
13200 1710 0 1590 0 320 350
13600 1753 0 1647 0 320 350
14000 1810 0 1690 0 320 350
14400 1861 0 1739 0 320 350
14800 1916 0 1784 0 320 350
15200 1965 0 1835 0 320 350
15600 2016 0 1884 0 320 350
16000 2068 0 1932 0 320 350
16400 2122 0 1978 0 320 350
16800 2161 0 2039 0 320 350
17200 2218 0 2082 0 320 350
17600 2280 0 2120 0 320 350
18000 2328 0 2172 0 320 350
18400 2377 0 2223 0 320 350
18800 2423 0 2277 0 320 350
19200 2467 0 2333 0 320 350
19600 2509 0 2391 0 320 350
20000 2555 0 2445 0 320 350
20400 2607 0 2493 0 320 350
20800 2662 0 2538 0 320 350
21200 2711 0 2589 0 320 350
21600 2767 0 2633 0 320 350
22000 2810 0 2690 0 320 350
22400 2861 0 2739 0 320 350
22800 2909 0 2791 0 320 350
23200 2956 0 2844 0 320 350
23600 3013 0 2887 0 320 350
24000 3070 0 2930 0 320 350
24400 3126 0 2974 0 320 350
24800 3170 0 3030 0 320 350
25200 3219 0 3081 0 320 350
25600 3271 0 3129 0 320 350
26000 3319 0 3181 0 320 350
26400 3376 0 3224 0 320 350
26800 3424 0 3276 0 320 350
27200 3469 0 3331 0 320 350
27600 3521 0 3379 0 320 350
28000 3570 0 3430 0 320 350
28400 3621 0 3479 0 320 350
28800 3672 0 3528 0 320 350
29200 3721 0 3579 0 320 350
29600 3776 0 3624 0 320 350
30000 3824 0 3676 0 320 350
30400 3878 0 3722 0 320 350
30800 3926 0 3774 0 320 350
31200 3978 0 3822 0 320 350
31600 4026 0 3874 0 320 350
32000 4082 0 3918 0 320 350
32400 4131 0 3969 0 320 350
32800 4178 0 4022 0 320 350
33200 4221 0 4079 0 320 350
33600 4272 0 4128 0 320 350
34000 4327 0 4173 0 320 350
34400 4369 0 4231 0 320 350
34800 4418 0 4282 0 320 350
35200 4465 0 4335 0 320 350
35600 4516 0 4384 0 320 350
36000 4566 0 4434 0 320 350
36400 4619 0 4481 0 320 350
36800 4670 0 4530 0 320 350
37200 4715 0 4585 0 320 350
37600 4767 0 4633 0 320 350
38000 4827 0 4673 0 320 350
38400 4878 0 4722 0 320 350
38800 4927 0 4773 0 320 350
39200 4980 0 4820 0 320 350
39600 5023 0 4877 0 320 350
40000 5072 0 4928 0 320 350
40400 5131 0 4969 0 320 350
40800 5185 0 5015 0 320 350
41200 5239 0 5061 0 320 350
41600 5283 0 5117 0 320 350
42000 5321 0 5179 0 320 350
42400 5369 0 5231 0 320 350
42800 5414 0 5286 0 320 350
43200 5469 0 5331 0 320 350
43600 5518 0 5382 0 320 350
44000 5572 0 5428 0 320 350
44400 5616 0 5484 0 320 350
44800 5666 0 5534 0 320 350
45200 5714 0 5586 0 320 350
45600 5769 0 5631 0 320 350
46000 5820 0 5680 0 320 350
46400 5865 0 5735 0 320 350
46800 5907 0 5793 0 320 350
47200 5958 0 5842 0 320 350
47600 6016 0 5884 0 320 350
48000 6064 0 5936 0 320 350
48400 6115 0 5985 0 320 350
48800 6163 0 6037 0 320 350
49200 6214 0 6086 0 320 350
49600 6262 0 6138 0 320 350
50000 6316 0 6184 0 320 350
50400 6365 0 6235 0 320 350
50800 6414 0 6286 0 320 350
51200 6471 0 6329 0 320 350
51600 6518 0 6382 0 320 350
52000 6573 0 6427 0 320 350
52400 6624 0 6476 0 320 350
52800 6672 0 6528 0 320 350
53200 6720 0 6580 0 320 350
53600 6768 0 6632 0 320 350
54000 6821 0 6679 0 320 350
54400 6868 0 6732 0 320 350
54800 6917 0 6783 0 320 350
55200 6961 0 6839 0 320 350
55600 7013 0 6887 0 320 350
56000 7065 0 6935 0 320 350
56400 7119 0 6981 0 320 350
56800 7162 0 7038 0 320 350
57200 7204 0 7096 0 320 350
57600 7251 0 7149 0 320 350
58000 7311 0 7189 0 320 350
58400 7363 0 7237 0 320 350
58800 7415 0 7285 0 320 350
59200 7468 0 7332 0 320 350
59600 7517 0 7383 0 320 350
60000 7566 0 7434 0 320 350
60400 7620 0 7480 0 320 350
60800 7667 0 7533 0 320 350
61200 7723 0 7577 0 320 350
61600 7777 0 7623 0 320 350
62000 7823 0 7677 0 320 350
62400 7873 0 7727 0 320 350
62800 7922 0 7778 0 320 350
63200 7970 0 7830 0 320 350
63600 8023 0 7877 0 320 350
64000 8067 0 7933 0 320 350
64400 8106 0 7994 0 320 350
64800 8154 0 8046 0 320 350
65200 8201 0 8099 0 320 350
65600 8258 0 8142 0 320 350
66000 8313 0 8187 0 320 350
66400 8363 0 8237 0 320 350
66800 8411 0 8289 0 320 350
67200 8458 0 8342 0 320 350
67600 8515 0 8385 0 320 350
68000 8559 0 8441 0 320 350
68400 8612 0 8488 0 320 350
68800 8664 0 8536 0 320 350
69200 8718 0 8582 0 320 350
69600 8767 0 8633 0 320 350
70000 8822 0 8678 0 320 350
70400 8867 0 8733 0 320 350
70800 8920 0 8780 0 320 350
71200 8978 0 8822 0 320 350
71600 9031 0 8869 0 320 350
72000 9083 0 8917 0 320 350
72400 9118 0 8982 0 320 350
72800 9170 0 9030 0 320 350
73200 9224 0 9076 0 320 350
73600 9274 0 9126 0 320 350
74000 9319 0 9181 0 320 350
74400 9362 0 9238 0 320 350
74800 9413 0 9287 0 320 350
75200 9465 0 9335 0 320 350
75600 9510 0 9390 0 320 350
76000 9561 0 9439 0 320 350
76400 9603 0 9497 0 320 350
76800 9647 0 9553 0 320 350
77200 9691 0 9609 0 320 350
77600 9736 0 9664 0 320 350
78000 9781 0 9719 0 320 350
78400 9829 0 9771 0 320 350
78800 9882 0 9818 0 320 350
79200 9929 0 9871 0 320 350
79600 9977 0 9923 0 320 350
80000 10032 0 9968 0 320 350
80400 10081 0 10019 0 320 350
80800 10134 0 10066 0 320 350
81200 10188 0 10112 0 320 350
81600 10241 0 10159 0 320 350
82000 10286 0 10214 0 320 350
82400 10331 0 10269 0 320 350
82800 10375 0 10325 0 320 350
83200 10420 0 10380 0 320 350
83600 10473 0 10427 0 320 350
84000 10519 0 10481 0 320 350
84400 10570 0 10530 0 320 350
84800 10626 0 10574 0 320 350
85200 10678 0 10622 0 320 350
85600 10734 0 10666 0 320 350
86000 10778 0 10722 0 320 350
86400 10832 0 10768 0 320 350
86800 10880 0 10820 0 320 350
87200 10926 0 10874 0 320 350
87600 10973 0 10927 0 320 350
88000 11022 0 10978 0 320 350
88400 11070 0 11030 0 320 350
88800 11117 0 11083 0 320 350
89200 11169 0 11131 0 320 350
89600 11222 0 11178 0 320 350
90000 11275 0 11225 0 320 350
90400 11324 0 11276 0 320 350
90800 11374 0 11326 0 320 350
91200 11429 0 11371 0 320 350
91600 11483 0 11417 0 320 350
92000 11537 0 11463 0 320 350
92400 11588 0 11512 0 320 350
92800 11645 0 11555 0 320 350
93200 11696 0 11604 0 320 350
93600 11746 0 11654 0 320 350
94000 11791 0 11709 0 320 350
94400 11840 0 11760 0 320 350
94800 11886 0 11814 0 320 350
95200 11938 0 11862 0 320 350
95600 11985 0 11915 0 320 350
96000 12032 0 11968 0 320 350
96400 12087 0 12013 0 320 350
96800 12134 0 12066 0 320 350
97200 12180 0 12120 0 320 350
97600 12234 0 12166 0 320 350
98000 12283 0 12217 0 320 350
98400 12330 0 12270 0 320 350
98800 12386 0 12314 0 320 350
99200 12444 0 12356 0 320 350
99600 12505 0 12395 0 320 350
100000 12553 0 12447 0 320 350
100400 12602 0 12498 0 320 350
100800 12652 0 12548 0 320 350
101200 12696 0 12604 0 320 350
101600 12744 0 12656 0 320 350
102000 12803 0 12697 0 320 350
102400 12855 0 12745 0 320 350
102800 12908 0 12792 0 320 350
103200 12953 0 12847 0 320 350
103600 13001 0 12899 0 320 350
104000 13052 0 12948 0 320 350
104400 13103 0 12997 0 320 350
104800 13153 0 13047 0 320 350
105200 13206 0 13094 0 320 350
105600 13266 0 13134 0 320 350
106000 13313 0 13187 0 320 350
106400 13361 0 13239 0 320 350
106800 13410 0 13290 0 320 350
107200 13453 0 13347 0 320 350
107600 13498 0 13402 0 320 350
108000 13553 0 13447 0 320 350
108400 13609 0 13491 0 320 350
108800 13658 0 13542 0 320 350
109200 13709 0 13591 0 320 350
109600 13755 0 13645 0 320 350
110000 13803 0 13697 0 320 350
110400 13854 0 13746 0 320 350
110800 13900 0 13800 0 320 350
111200 13949 0 13851 0 320 350
111600 14008 0 13892 0 320 350
112000 14067 0 13933 0 320 350
112400 14127 0 13973 0 320 350
112800 14187 0 14013 0 320 350
113200 14239 0 14061 0 320 350
113600 14294 0 14106 0 320 350
114000 14341 0 14159 0 320 350
114400 14394 0 14206 0 320 350
114800 14443 0 14257 0 320 350
115200 14486 0 14314 0 320 350
115600 14539 0 14361 0 320 350
116000 14591 0 14409 0 320 350
116400 14646 0 14454 0 320 350
116800 14704 0 14496 0 320 350
117200 14753 0 14547 0 320 350
117600 14805 0 14595 0 320 350
118000 14853 0 14647 0 320 350
118400 14913 0 14687 0 320 350
118800 14961 0 14739 0 320 350
119200 15007 0 14793 0 320 350
119600 15057 0 14843 0 320 350
120000 15101 0 14899 0 320 350
120400 15147 0 14953 0 320 350
120800 15197 0 15003 0 320 350
121200 15248 0 15052 0 320 350
121600 15302 0 15098 0 320 350
122000 15353 0 15147 0 320 350
122400 15401 0 15199 0 320 350
122800 15445 0 15255 0 320 350
123200 15489 0 15311 0 320 350
123600 15540 0 15360 0 320 350
124000 15591 0 15409 0 320 350
124400 15637 0 15463 0 320 350
124800 15681 0 15519 0 320 350
125200 15738 0 15562 0 320 350
125600 15795 0 15605 0 320 350
126000 15846 0 15654 0 320 350
126400 15900 0 15700 0 320 350
126800 15945 0 15755 0 320 350
127200 16000 0 15800 0 320 350
127600 16049 0 15851 0 320 350
128000 16096 0 15904 0 320 350
128400 16145 0 15955 0 320 350
128800 16195 0 16005 0 320 350
129200 16238 0 16062 0 320 350
129600 16284 0 16116 0 320 350
130000 16340 0 16160 0 320 350
130400 16396 0 16204 0 320 350
130800 16452 0 16248 0 320 350
131200 16498 0 16302 0 320 350
131600 16552 0 16348 0 320 350
132000 16601 0 16399 0 320 350
132400 16655 0 16445 0 320 350
132800 16712 0 16488 0 320 350
133200 16768 0 16532 0 320 350
133600 16820 0 16580 0 320 350
134000 16864 0 16636 0 320 350
134400 16913 0 16687 0 320 350
134800 16956 0 16744 0 320 350
135200 17008 0 16792 0 320 350
135600 17057 0 16843 0 320 350
136000 17104 0 16896 0 320 350
136400 17147 0 16953 0 320 350
136800 17192 0 17008 0 320 350
137200 17238 0 17062 0 320 350
137600 17290 0 17110 0 320 350
138000 17335 0 17165 0 320 350
138400 17388 0 17212 0 320 350
138800 17435 0 17265 0 320 350
139200 17489 0 17311 0 320 350
139600 17536 0 17364 0 320 350
140000 17583 0 17417 0 320 350
140400 17637 0 17463 0 320 350
140800 17685 0 17515 0 320 350
141200 17726 0 17574 0 320 350
141600 17779 0 17621 0 320 350
142000 17836 0 17664 0 320 350
142400 17898 0 17702 0 320 350
142800 17947 0 17753 0 320 350
143200 17989 0 17811 0 320 350
143600 18038 0 17862 0 320 350
144000 18086 0 17914 0 320 350
144400 18134 0 17966 0 320 350
144800 18185 0 18015 0 320 350
145200 18242 0 18058 0 320 350
145600 18294 0 18106 0 320 350
146000 18348 0 18152 0 320 350
146400 18395 0 18205 0 320 350
146800 18446 0 18254 0 320 350
147200 18492 0 18308 0 320 350
147600 18549 0 18351 0 320 350
148000 18601 0 18399 0 320 350
148400 18643 0 18457 0 320 350
148800 18695 0 18505 0 320 350
149200 18737 0 18563 0 320 350
149600 18782 0 18618 0 320 350
150000 18836 0 18664 0 320 350
150400 18878 0 18722 0 320 350
150800 18926 0 18774 0 320 350
151200 18979 0 18821 0 320 350
151600 19030 0 18870 0 320 350
152000 19078 0 18922 0 320 350
152400 19129 0 18971 0 320 350
152800 19177 0 19023 0 320 350
153200 19219 0 19081 0 320 350
153600 19266 0 19134 0 320 350
154000 19312 0 19188 0 320 350
154400 19363 0 19237 0 320 350
154800 19428 0 19272 0 320 350
155200 19468 0 19332 0 320 350
155600 19525 0 19375 0 320 350
156000 19567 0 19433 0 320 350
156400 19622 0 19478 0 320 350
156800 19673 0 19527 0 320 350
157200 19724 0 19576 0 320 350
157600 19783 0 19617 0 320 350
158000 19832 0 19668 0 320 350
158400 19885 0 19715 0 320 350
158800 19938 0 19762 0 320 350
159200 19991 0 19809 0 320 350
159600 20034 0 19866 0 320 350
160000 20092 0 19908 0 320 350
160400 20149 0 19951 0 320 350
160800 20188 0 20012 0 320 350
161200 20237 0 20063 0 320 350
161600 20288 0 20112 0 320 350
162000 20335 0 20165 0 320 350
162400 20386 0 20214 0 320 350
162800 20439 0 20261 0 320 350
163200 20498 0 20302 0 320 350
163600 20544 0 20356 0 320 350
164000 20597 0 20403 0 320 350
164400 20654 0 20446 0 320 350
164800 20701 0 20499 0 320 350
165200 20747 0 20553 0 320 350
165600 20797 0 20603 0 320 350
166000 20845 0 20655 0 320 350
166400 20893 0 20707 0 320 350
166800 20938 0 20762 0 320 350
167200 20988 0 20812 0 320 350
167600 21037 0 20863 0 320 350
168000 21081 0 20919 0 320 350
168400 21129 0 20971 0 320 350
168800 21182 0 21018 0 320 350
169200 21228 0 21072 0 320 350
169600 21279 0 21121 0 320 350
170000 21337 0 21163 0 320 350
170400 21389 0 21211 0 320 350
170800 21440 0 21260 0 320 350
171200 21484 0 21316 0 320 350
171600 21535 0 21365 0 320 350
172000 21591 0 21409 0 320 350
172400 21642 0 21458 0 320 350
172800 21695 0 21505 0 320 350
173200 21750 0 21550 0 320 350
173600 21798 0 21602 0 320 350
174000 21850 0 21650 0 320 350
174400 21904 0 21696 0 320 350
174800 21953 0 21747 0 320 350
175200 22014 0 21786 0 320 350
175600 22072 0 21828 0 320 350
176000 22120 0 21880 0 320 350
176400 22171 0 21929 0 320 350
176800 22229 0 21971 0 320 350
177200 22270 0 22030 0 320 350
177600 22323 0 22077 0 320 350
178000 22381 0 22119 0 320 350
178400 22438 0 22162 0 320 350
178800 22489 0 22211 0 320 350
179200 22544 0 22256 0 320 350
179600 22604 0 22296 0 320 350
180000 22664 0 22336 0 320 350
180400 22700 0 22400 0 320 350
180800 22755 0 22445 0 320 350
181200 22802 0 22498 0 320 350
181600 22855 0 22545 0 320 350
182000 22904 0 22596 0 320 350
182400 22961 0 22639 0 320 350
182800 23016 0 22684 0 320 350
183200 23068 0 22732 0 320 350
183600 23128 0 22772 0 320 350
184000 23178 0 22822 0 320 350
184400 23234 0 22866 0 320 350
184800 23290 0 22910 0 320 350
185200 23342 0 22958 0 320 350
185600 23397 0 23003 0 320 350
186000 23446 0 23054 0 320 350
186400 23494 0 23106 0 320 350
186800 23546 0 23154 0 320 350
187200 23601 0 23199 0 320 350
187600 23643 0 23257 0 320 350
188000 23689 0 23311 0 320 350
188400 23741 0 23359 0 320 350
188800 23794 0 23406 0 320 350
189200 23843 0 23457 0 320 350
189600 23890 0 23510 0 320 350
190000 23938 0 23562 0 320 350
190400 23987 0 23613 0 320 350
190800 24035 0 23665 0 320 350
191200 24085 0 23715 0 320 350
191600 24129 0 23771 0 320 350
192000 24183 0 23817 0 320 350
192400 24230 0 23870 0 320 350
192800 24274 0 23926 0 320 350
193200 24329 0 23971 0 320 350
193600 24373 0 24027 0 320 350
194000 24422 0 24078 0 320 350
194400 24476 0 24124 0 320 350
194800 24520 0 24180 0 320 350
195200 24571 0 24229 0 320 350
195600 24624 0 24276 0 320 350
196000 24675 0 24325 0 320 350
196400 24725 0 24375 0 320 350
196800 24781 0 24419 0 320 350
197200 24829 0 24471 0 320 350
197600 24876 0 24524 0 320 350
198000 24926 0 24574 0 320 350
198400 24979 0 24621 0 320 350
198800 25024 0 24676 0 320 350
199200 25071 0 24729 0 320 350
199600 25122 0 24778 0 320 350
200000 25171 0 24829 0 320 350
200400 25222 0 24878 0 320 350
200800 25271 0 24929 0 320 350
201200 25325 0 24975 0 320 350
201600 25379 0 25021 0 320 350
202000 25424 0 25076 0 320 350
202400 25473 0 25127 0 320 350
202800 25521 0 25179 0 320 350
203200 25580 0 25220 0 320 350
203600 25625 0 25275 0 320 350
204000 25672 0 25328 0 320 350
204400 25725 0 25375 0 320 350
204800 25773 0 25427 0 320 350
205200 25828 0 25472 0 320 350
205600 25872 0 25528 0 320 350
206000 25918 0 25582 0 320 350
206400 25979 0 25621 0 320 350
206800 26039 0 25661 0 320 350
207200 26085 0 25715 0 320 350
207600 26138 0 25762 0 320 350
208000 26185 0 25815 0 320 350
208400 26236 0 25864 0 320 350
208800 26287 0 25913 0 320 350
209200 26338 0 25962 0 320 350
209600 26396 0 26004 0 320 350
210000 26453 0 26047 0 320 350
210400 26502 0 26098 0 320 350
210800 26552 0 26148 0 320 350
211200 26598 0 26202 0 320 350
211600 26649 0 26251 0 320 350
212000 26698 0 26302 0 320 350
212400 26737 0 26363 0 320 350
212800 26787 0 26413 0 320 350
213200 26836 0 26464 0 320 350
213600 26894 0 26506 0 320 350
214000 26948 0 26552 0 320 350
214400 27008 0 26592 0 320 350
214800 27056 0 26644 0 320 350
215200 27098 0 26702 0 320 350
215600 27150 0 26750 0 320 350
216000 27198 0 26802 0 320 350
216400 27245 0 26855 0 320 350
216800 27302 0 26898 0 320 350
217200 27343 0 26957 0 320 350
217600 27396 0 27004 0 320 350
218000 27455 0 27045 0 320 350
218400 27506 0 27094 0 320 350
218800 27562 0 27138 0 320 350
219200 27617 0 27183 0 320 350
219600 27662 0 27238 0 320 350
220000 27713 0 27287 0 320 350
220400 27762 0 27338 0 320 350
220800 27806 0 27394 0 320 350
221200 27848 0 27452 0 320 350
221600 27899 0 27501 0 320 350
222000 27946 0 27554 0 320 350
222400 27991 0 27609 0 320 350
222800 28044 0 27656 0 320 350
223200 28094 0 27706 0 320 350
223600 28146 0 27754 0 320 350
224000 28197 0 27803 0 320 350
224400 28241 0 27859 0 320 350
224800 28289 0 27911 0 320 350
225200 28344 0 27956 0 320 350
225600 28401 0 27999 0 320 350
226000 28448 0 28052 0 320 350
226400 28496 0 28104 0 320 350
226800 28548 0 28152 0 320 350
227200 28606 0 28194 0 320 350
227600 28650 0 28250 0 320 350
228000 28702 0 28298 0 320 350
228400 28754 0 28346 0 320 350
228800 28800 0 28400 0 320 350
229200 28847 0 28453 0 320 350
229600 28905 0 28495 0 320 350
230000 28950 0 28550 0 320 350
230400 28995 0 28605 0 320 350
230800 29044 0 28656 0 320 350
231200 29093 0 28707 0 320 350
231600 29137 0 28763 0 320 350
232000 29183 0 28817 0 320 350
232400 29236 0 28864 0 320 350
232800 29283 0 28917 0 320 350
233200 29333 0 28967 0 320 350
233600 29379 0 29021 0 320 350
234000 29434 0 29066 0 320 350
234400 29475 0 29125 0 320 350
234800 29517 0 29183 0 320 350
235200 29567 0 29233 0 320 350
235600 29603 0 29297 0 320 350
236000 29647 0 29353 0 320 350
236400 29691 0 29409 0 320 350
236800 29735 0 29465 0 320 350
237200 29785 0 29515 0 320 350
237600 29832 0 29568 0 320 350
238000 29894 0 29606 0 320 350
238400 29935 0 29665 0 320 350
238800 29986 0 29714 0 320 350
239200 30045 0 29755 0 320 350
239600 30091 0 29809 0 320 350
240000 30137 0 29863 0 320 350
240400 30184 0 29916 0 320 350
240800 30228 0 29972 0 320 350
241200 30280 0 30020 0 320 350
241600 30329 0 30071 0 320 350
242000 30375 0 30125 0 320 350
242400 30428 0 30172 0 320 350
242800 30485 0 30215 0 320 350
243200 30536 0 30264 0 320 350
243600 30582 0 30318 0 320 350
244000 30631 0 30369 0 320 350
244400 30688 0 30412 0 320 350
244800 30741 0 30459 0 320 350
245200 30791 0 30509 0 320 350
245600 30838 0 30562 0 320 350
246000 30887 0 30613 0 320 350
246400 30937 0 30663 0 320 350
246800 30986 0 30714 0 320 350
247200 31029 0 30771 0 320 350
247600 31081 0 30819 0 320 350
248000 31135 0 30865 0 320 350
248400 31182 0 30918 0 320 350
248800 31230 0 30970 0 320 350
249200 31278 0 31022 0 320 350
249600 31322 0 31078 0 320 350
250000 31372 0 31128 0 320 350
250400 31428 0 31172 0 320 350
250800 31473 0 31227 0 320 350
251200 31527 0 31273 0 320 350
251600 31576 0 31324 0 320 350
252000 31636 0 31364 0 320 350
252400 31682 0 31418 0 320 350
252800 31721 0 31479 0 320 350
253200 31757 0 31543 0 320 350
253600 31805 0 31595 0 320 350
254000 31862 0 31638 0 320 350
254400 31916 0 31684 0 320 350
254800 31968 0 31732 0 320 350
255200 32020 0 31780 0 320 350
255600 32072 0 31828 0 320 350
256000 32119 0 31881 0 320 350
256400 32164 0 31936 0 320 350
256800 32217 0 31983 0 320 350
257200 32265 0 32035 0 320 350
257600 32313 0 32087 0 320 350
258000 32372 0 32128 0 320 350
258400 32424 0 32176 0 320 350
258800 32471 0 32229 0 320 350
259200 32517 0 32283 0 320 350
259600 32574 0 32326 0 320 350
260000 32624 0 32376 0 320 350
260400 32673 0 32427 0 320 350
260800 32725 0 32475 0 320 350
261200 32770 0 32530 0 320 350
261600 32829 0 32571 0 320 350
262000 32874 0 32626 0 320 350
262400 32926 0 32674 0 320 350
262800 32982 0 32718 0 320 350
263200 33039 0 32761 0 320 350
263600 33091 0 32809 0 320 350
264000 33140 0 32860 0 320 350
264400 33185 0 32915 0 320 350
264800 33240 0 32960 0 320 350
265200 33292 0 33008 0 320 350
265600 33335 0 33065 0 320 350
266000 33382 0 33118 0 320 350
266400 33428 0 33172 0 320 350
266800 33481 0 33219 0 320 350
267200 33537 0 33263 0 320 350
267600 33594 0 33306 0 320 350
268000 33638 0 33362 0 320 350
268400 33698 0 33402 0 320 350
268800 33744 0 33456 0 320 350
269200 33788 0 33512 0 320 350
269600 33835 0 33565 0 320 350
270000 33883 0 33617 0 320 350
270400 33935 0 33665 0 320 350
270800 33984 0 33716 0 320 350
271200 34038 0 33762 0 320 350
271600 34091 0 33809 0 320 350
272000 34133 0 33867 0 320 350
272400 34187 0 33913 0 320 350
272800 34236 0 33964 0 320 350
273200 34284 0 34016 0 320 350
273600 34341 0 34059 0 320 350
274000 34400 0 34100 0 320 350
274400 34455 0 34145 0 320 350
274800 34504 0 34196 0 320 350
275200 34548 0 34252 0 320 350
275600 34601 0 34299 0 320 350
276000 34649 0 34351 0 320 350
276400 34700 0 34400 0 320 350
276800 34750 0 34450 0 320 350
277200 34798 0 34502 0 320 350
277600 34852 0 34548 0 320 350
278000 34905 0 34595 0 320 350
278400 34953 0 34647 0 320 350
278800 34999 0 34701 0 320 350
279200 35060 0 34740 0 320 350
279600 35108 0 34792 0 320 350
280000 35158 0 34842 0 320 350
280400 35204 0 34896 0 320 350
280800 35252 0 34948 0 320 350
281200 35296 0 35004 0 320 350
281600 35343 0 35057 0 320 350
282000 35392 0 35108 0 320 350
282400 35447 0 35153 0 320 350
282800 35506 0 35194 0 320 350
283200 35557 0 35243 0 320 350
283600 35599 0 35301 0 320 350
284000 35654 0 35346 0 320 350
284400 35699 0 35401 0 320 350
284800 35748 0 35452 0 320 350
285200 35799 0 35501 0 320 350
285600 35848 0 35552 0 320 350
286000 35899 0 35601 0 320 350
286400 35959 0 35641 0 320 350
286800 36006 0 35694 0 320 350
287200 36063 0 35737 0 320 350
287600 36113 0 35787 0 320 350
288000 36161 0 35839 0 320 350
288400 36210 0 35890 0 320 350
288800 36250 0 35950 0 320 350
289200 36308 0 35992 0 320 350
289600 36358 0 36042 0 320 350
290000 36411 0 36089 0 320 350
290400 36455 0 36145 0 320 350
290800 36499 0 36201 0 320 350
291200 36550 0 36250 0 320 350
291600 36606 0 36294 0 320 350
292000 36661 0 36339 0 320 350
292400 36710 0 36390 0 320 350
292800 36763 0 36437 0 320 350
293200 36816 0 36484 0 320 350
293600 36866 0 36534 0 320 350
294000 36921 0 36579 0 320 350
294400 36961 0 36639 0 320 350
294800 37009 0 36691 0 320 350
295200 37053 0 36747 0 320 350
295600 37111 0 36789 0 320 350
296000 37163 0 36837 0 320 350
296400 37216 0 36884 0 320 350
296800 37268 0 36932 0 320 350
297200 37321 0 36979 0 320 350
297600 37374 0 37026 0 320 350
298000 37421 0 37079 0 320 350
298400 37476 0 37124 0 320 350
298800 37529 0 37171 0 320 350
299200 37580 0 37220 0 320 350
299600 37631 0 37269 0 320 350
300000 37678 0 37322 0 320 350
300400 37727 0 37373 0 320 350
300800 37778 0 37422 0 320 350
301200 37825 0 37475 0 320 350
301600 37872 0 37528 0 320 350
302000 37924 0 37576 0 320 350
302400 37972 0 37628 0 320 350
302800 38030 0 37670 0 320 350
303200 38072 0 37728 0 320 350
303600 38126 0 37774 0 320 350
304000 38171 0 37829 0 320 350
304400 38216 0 37884 0 320 350
304800 38261 0 37939 0 320 350
305200 38311 0 37989 0 320 350
305600 38364 0 38036 0 320 350
306000 38411 0 38089 0 320 350
306400 38458 0 38142 0 320 350
306800 38502 0 38198 0 320 350
307200 38548 0 38252 0 320 350
307600 38594 0 38306 0 320 350
308000 38650 0 38350 0 320 350
308400 38708 0 38392 0 320 350
308800 38758 0 38442 0 320 350
309200 38810 0 38490 0 320 350
309600 38864 0 38536 0 320 350
310000 38920 0 38580 0 320 350
310400 38968 0 38632 0 320 350
310800 39013 0 38687 0 320 350
311200 39063 0 38737 0 320 350
311600 39116 0 38784 0 320 350
312000 39154 0 38846 0 320 350
312400 39204 0 38896 0 320 350
312800 39251 0 38949 0 320 350
313200 39303 0 38997 0 320 350
313600 39352 0 39048 0 320 350
314000 39399 0 39101 0 320 350
314400 39441 0 39159 0 320 350
314800 39489 0 39211 0 320 350
315200 39541 0 39259 0 320 350
315600 39592 0 39308 0 320 350
316000 39646 0 39354 0 320 350
316400 39702 0 39398 0 320 350
316800 39745 0 39455 0 320 350
317200 39791 0 39509 0 320 350
317600 39841 0 39559 0 320 350
318000 39886 0 39614 0 320 350
318400 39950 0 39650 0 320 350
318800 39996 0 39704 0 320 350
319200 40049 0 39751 0 320 350
319600 40099 0 39801 0 320 350
320000 40142 0 39858 0 320 350
320400 40189 0 39911 0 320 350
320800 40231 0 39969 0 320 350
321200 40277 0 40023 0 320 350
321600 40331 0 40069 0 320 350
322000 40375 0 40125 0 320 350
322400 40423 0 40177 0 320 350
322800 40468 0 40232 0 320 350
323200 40520 0 40280 0 320 350
323600 40567 0 40333 0 320 350
324000 40625 0 40375 0 320 350
324400 40673 0 40427 0 320 350
324800 40712 0 40488 0 320 350
325200 40763 0 40537 0 320 350
325600 40815 0 40585 0 320 350
326000 40864 0 40636 0 320 350
326400 40907 0 40693 0 320 350
326800 40955 0 40745 0 320 350
327200 41006 0 40794 0 320 350
327600 41048 0 40852 0 320 350
328000 41097 0 40903 0 320 350
328400 41153 0 40947 0 320 350
328800 41192 0 41008 0 320 350
329200 41246 0 41054 0 320 350
329600 41297 0 41103 0 320 350
330000 41346 0 41154 0 320 350
330400 41409 0 41191 0 320 350
330800 41453 0 41247 0 320 350
331200 41505 0 41295 0 320 350
331600 41551 0 41349 0 320 350
332000 41600 0 41400 0 320 350
332400 41653 0 41447 0 320 350
332800 41708 0 41492 0 320 350
333200 41771 0 41529 0 320 350
333600 41835 0 41565 0 320 350
334000 41883 0 41617 0 320 350
334400 41948 0 41652 0 320 350
334800 41995 0 41705 0 320 350
335200 42045 0 41755 0 320 350
335600 42095 0 41805 0 320 350
336000 42147 0 41853 0 320 350
336400 42197 0 41903 0 320 350
336800 42248 0 41952 0 320 350
337200 42299 0 42001 0 320 350
337600 42354 0 42046 0 320 350
338000 42409 0 42091 0 320 350
338400 42462 0 42138 0 320 350
338800 42514 0 42186 0 320 350
339200 42561 0 42239 0 320 350
339600 42615 0 42285 0 320 350
340000 42665 0 42335 0 320 350
340400 42711 0 42389 0 320 350
340800 42766 0 42434 0 320 350
341200 42824 0 42476 0 320 350
341600 42869 0 42531 0 320 350
342000 42919 0 42581 0 320 350
342400 42966 0 42634 0 320 350
342800 43021 0 42679 0 320 350
343200 43077 0 42723 0 320 350
343600 43126 0 42774 0 320 350
344000 43168 0 42832 0 320 350
344400 43220 0 42880 0 320 350
344800 43278 0 42922 0 320 350
345200 43325 0 42975 0 320 350
345600 43373 0 43027 0 320 350
346000 43428 0 43072 0 320 350
346400 43468 0 43132 0 320 350
346800 43510 0 43190 0 320 350
347200 43566 0 43234 0 320 350
347600 43613 0 43287 0 320 350
348000 43670 0 43330 0 320 350
348400 43727 0 43373 0 320 350
348800 43781 0 43419 0 320 350
349200 43828 0 43472 0 320 350
349600 43869 0 43531 0 320 350
350000 43927 0 43573 0 320 350
350400 43981 0 43619 0 320 350
350800 44037 0 43663 0 320 350
351200 44092 0 43708 0 320 350
351600 44148 0 43752 0 320 350
352000 44199 0 43801 0 320 350
352400 44248 0 43852 0 320 350
352800 44302 0 43898 0 320 350
353200 44356 0 43944 0 320 350
353600 44405 0 43995 0 320 350
354000 44451 0 44049 0 320 350
354400 44495 0 44105 0 320 350
354800 44546 0 44154 0 320 350
355200 44592 0 44208 0 320 350
355600 44646 0 44254 0 320 350
356000 44697 0 44303 0 320 350
356400 44753 0 44347 0 320 350
356800 44803 0 44397 0 320 350
357200 44860 0 44440 0 320 350
357600 44911 0 44489 0 320 350
358000 44966 0 44534 0 320 350
358400 45003 0 44597 0 320 350
358800 45047 0 44653 0 320 350
359200 45089 0 44711 0 320 350
359600 45142 0 44758 0 320 350
360000 45189 0 44811 0 320 350
360400 45237 0 44863 0 320 350
360800 45291 0 44909 0 320 350
361200 45336 0 44964 0 320 350
361600 45395 0 45005 0 320 350
362000 45451 0 45049 0 320 350
362400 45499 0 45101 0 320 350
362800 45548 0 45152 0 320 350
363200 45591 0 45209 0 320 350
363600 45644 0 45256 0 320 350
364000 45699 0 45301 0 320 350
364400 45754 0 45346 0 320 350
364800 45805 0 45395 0 320 350
365200 45849 0 45451 0 320 350
365600 45901 0 45499 0 320 350
366000 45957 0 45543 0 320 350
366400 46011 0 45589 0 320 350
366800 46065 0 45635 0 320 350
367200 46111 0 45689 0 320 350
367600 46158 0 45742 0 320 350
368000 46215 0 45785 0 320 350
368400 46256 0 45844 0 320 350
368800 46310 0 45890 0 320 350
369200 46373 0 45927 0 320 350
369600 46417 0 45983 0 320 350
370000 46458 0 46042 0 320 350
370400 46507 0 46093 0 320 350
370800 46558 0 46142 0 320 350
371200 46611 0 46189 0 320 350
371600 46663 0 46237 0 320 350
372000 46711 0 46289 0 320 350
372400 46758 0 46342 0 320 350
372800 46804 0 46396 0 320 350
373200 46854 0 46446 0 320 350
373600 46912 0 46488 0 320 350
374000 46966 0 46534 0 320 350
374400 47015 0 46585 0 320 350
374800 47068 0 46632 0 320 350
375200 47107 0 46693 0 320 350
375600 47154 0 46746 0 320 350
376000 47205 0 46795 0 320 350
376400 47251 0 46849 0 320 350
376800 47300 0 46900 0 320 350
377200 47351 0 46949 0 320 350
377600 47407 0 46993 0 320 350
378000 47451 0 47049 0 320 350
378400 47499 0 47101 0 320 350
378800 47551 0 47149 0 320 350
379200 47603 0 47197 0 320 350
379600 47652 0 47248 0 320 350
380000 47704 0 47296 0 320 350
380400 47756 0 47344 0 320 350
380800 47803 0 47397 0 320 350
381200 47851 0 47449 0 320 350
381600 47901 0 47499 0 320 350
382000 47959 0 47541 0 320 350
382400 47998 0 47602 0 320 350
382800 48047 0 47653 0 320 350
383200 48093 0 47707 0 320 350
383600 48136 0 47764 0 320 350
384000 48188 0 47812 0 320 350
384400 48235 0 47865 0 320 350
384800 48284 0 47916 0 320 350
385200 48333 0 47967 0 320 350
385600 48385 0 48015 0 320 350
386000 48439 0 48061 0 320 350
386400 48478 0 48122 0 320 350
386800 48525 0 48175 0 320 350
387200 48575 0 48225 0 320 350
387600 48630 0 48270 0 320 350
388000 48677 0 48323 0 320 350
388400 48720 0 48380 0 320 350
388800 48759 0 48441 0 320 350
389200 48809 0 48491 0 320 350
389600 48863 0 48537 0 320 350
390000 48913 0 48587 0 320 350
390400 48972 0 48628 0 320 350
390800 49029 0 48671 0 320 350
391200 49075 0 48725 0 320 350
391600 49122 0 48778 0 320 350
392000 49171 0 48829 0 320 350
392400 49228 0 48872 0 320 350
392800 49274 0 48926 0 320 350
393200 49322 0 48978 0 320 350
393600 49369 0 49031 0 320 350
394000 49412 0 49088 0 320 350
394400 49459 0 49141 0 320 350
394800 49513 0 49187 0 320 350
395200 49572 0 49228 0 320 350
395600 49618 0 49282 0 320 350
396000 49671 0 49329 0 320 350
396400 49720 0 49380 0 320 350
396800 49767 0 49433 0 320 350
397200 49818 0 49482 0 320 350
397600 49869 0 49531 0 320 350
398000 49921 0 49579 0 320 350
398400 49972 0 49628 0 320 350
398800 50024 0 49676 0 320 350
399200 50080 0 49720 0 320 350
399600 50134 0 49766 0 320 350
400000 50178 0 49822 0 320 350
400400 50239 0 49861 0 320 350
400800 50291 0 49909 0 320 350
401200 50341 0 49959 0 320 350
401600 50386 0 50014 0 320 350
402000 50436 0 50064 0 320 350
402400 50484 0 50116 0 320 350
402800 50536 0 50164 0 320 350
403200 50591 0 50209 0 320 350
403600 50642 0 50258 0 320 350
404000 50676 0 50324 0 320 350
404400 50728 0 50372 0 320 350
404800 50773 0 50427 0 320 350
405200 50817 0 50483 0 320 350
405600 50867 0 50533 0 320 350
406000 50915 0 50585 0 320 350
406400 50969 0 50631 0 320 350
406800 51019 0 50681 0 320 350
407200 51070 0 50730 0 320 350
407600 51123 0 50777 0 320 350
408000 51174 0 50826 0 320 350
408400 51225 0 50875 0 320 350
408800 51279 0 50921 0 320 350
409200 51330 0 50970 0 320 350
409600 51382 0 51018 0 320 350
410000 51434 0 51066 0 320 350
410400 51482 0 51118 0 320 350
410800 51535 0 51165 0 320 350
411200 51575 0 51225 0 320 350
411600 51627 0 51273 0 320 350
412000 51682 0 51318 0 320 350
412400 51738 0 51362 0 320 350
412800 51782 0 51418 0 320 350
413200 51830 0 51470 0 320 350
413600 51884 0 51516 0 320 350
414000 51927 0 51573 0 320 350
414400 51979 0 51621 0 320 350
414800 52034 0 51666 0 320 350
415200 52081 0 51719 0 320 350
415600 52135 0 51765 0 320 350
416000 52182 0 51818 0 320 350
416400 52238 0 51862 0 320 350
416800 52289 0 51911 0 320 350
417200 52333 0 51967 0 320 350
417600 52383 0 52017 0 320 350
418000 52433 0 52067 0 320 350
418400 52483 0 52117 0 320 350
418800 52534 0 52166 0 320 350
419200 52581 0 52219 0 320 350
419600 52631 0 52269 0 320 350
420000 52681 0 52319 0 320 350
420400 52732 0 52368 0 320 350
420800 52780 0 52420 0 320 350
421200 52827 0 52473 0 320 350
421600 52875 0 52525 0 320 350
422000 52931 0 52569 0 320 350
422400 52978 0 52622 0 320 350
422800 53024 0 52676 0 320 350
423200 53073 0 52727 0 320 350
423600 53120 0 52780 0 320 350
424000 53165 0 52835 0 320 350
424400 53217 0 52883 0 320 350
424800 53258 0 52942 0 320 350
425200 53306 0 52994 0 320 350
425600 53348 0 53052 0 320 350
426000 53403 0 53097 0 320 350
426400 53456 0 53144 0 320 350
426800 53500 0 53200 0 320 350
427200 53551 0 53249 0 320 350
427600 53603 0 53297 0 320 350
428000 53655 0 53345 0 320 350
428400 53714 0 53386 0 320 350
428800 53763 0 53437 0 320 350
429200 53814 0 53486 0 320 350
429600 53866 0 53534 0 320 350
430000 53914 0 53586 0 320 350
430400 53959 0 53641 0 320 350
430800 54012 0 53688 0 320 350
431200 54058 0 53742 0 320 350
431600 54112 0 53788 0 320 350
432000 54166 0 53834 0 320 350
432400 54220 0 53880 0 320 350
432800 54269 0 53931 0 320 350
433200 54318 0 53982 0 320 350
433600 54373 0 54027 0 320 350
434000 54419 0 54081 0 320 350
434400 54462 0 54138 0 320 350
434800 54520 0 54180 0 320 350
435200 54571 0 54229 0 320 350
435600 54622 0 54278 0 320 350
436000 54665 0 54335 0 320 350
436400 54713 0 54387 0 320 350
436800 54762 0 54438 0 320 350
437200 54814 0 54486 0 320 350
437600 54866 0 54534 0 320 350
438000 54916 0 54584 0 320 350
438400 54967 0 54633 0 320 350
438800 55017 0 54683 0 320 350
439200 55068 0 54732 0 320 350
439600 55130 0 54770 0 320 350
440000 55183 0 54817 0 320 350
440400 55236 0 54864 0 320 350
440800 55293 0 54907 0 320 350
441200 55340 0 54960 0 320 350
441600 55392 0 55008 0 320 350
442000 55443 0 55057 0 320 350
442400 55498 0 55102 0 320 350
442800 55551 0 55149 0 320 350
443200 55600 0 55200 0 320 350
443600 55653 0 55247 0 320 350
444000 55704 0 55296 0 320 350
444400 55756 0 55344 0 320 350
444800 55801 0 55399 0 320 350
445200 55850 0 55450 0 320 350
445600 55896 0 55504 0 320 350
446000 55953 0 55547 0 320 350
446400 56006 0 55594 0 320 350
446800 56060 0 55640 0 320 350
447200 56115 0 55685 0 320 350
447600 56156 0 55744 0 320 350
448000 56205 0 55795 0 320 350
448400 56259 0 55841 0 320 350
448800 56307 0 55893 0 320 350
449200 56351 0 55949 0 320 350
449600 56402 0 55998 0 320 350
450000 56452 0 56048 0 320 350
450400 56500 0 56100 0 320 350
450800 56538 0 56162 0 320 350
451200 56578 0 56222 0 320 350
451600 56632 0 56268 0 320 350
452000 56684 0 56316 0 320 350
452400 56732 0 56368 0 320 350
452800 56781 0 56419 0 320 350
453200 56820 0 56480 0 320 350
453600 56875 0 56525 0 320 350
454000 56927 0 56573 0 320 350
454400 56981 0 56619 0 320 350
454800 57028 0 56672 0 320 350
455200 57078 0 56722 0 320 350
455600 57140 0 56760 0 320 350
456000 57199 0 56801 0 320 350
456400 57249 0 56851 0 320 350
456800 57298 0 56902 0 320 350
457200 57336 0 56964 0 320 350
457600 57376 0 57024 0 320 350
458000 57421 0 57079 0 320 350
458400 57470 0 57130 0 320 350
458800 57518 0 57182 0 320 350
459200 57565 0 57235 0 320 350
459600 57614 0 57286 0 320 350
460000 57673 0 57327 0 320 350
460400 57721 0 57379 0 320 350
460800 57769 0 57431 0 320 350
461200 57820 0 57480 0 320 350
461600 57877 0 57523 0 320 350
462000 57929 0 57571 0 320 350
462400 57986 0 57614 0 320 350
462800 58027 0 57673 0 320 350
463200 58077 0 57723 0 320 350
463600 58122 0 57778 0 320 350
464000 58176 0 57824 0 320 350
464400 58229 0 57871 0 320 350
464800 58277 0 57923 0 320 350
465200 58321 0 57979 0 320 350
465600 58376 0 58024 0 320 350
466000 58420 0 58080 0 320 350
466400 58467 0 58133 0 320 350
466800 58517 0 58183 0 320 350
467200 58565 0 58235 0 320 350
467600 58616 0 58284 0 320 350
468000 58678 0 58322 0 320 350
468400 58731 0 58369 0 320 350
468800 58779 0 58421 0 320 350
469200 58835 0 58465 0 320 350
469600 58885 0 58515 0 320 350
470000 58935 0 58565 0 320 350
470400 58990 0 58610 0 320 350
470800 59038 0 58662 0 320 350
471200 59087 0 58713 0 320 350
471600 59131 0 58769 0 320 350
472000 59180 0 58820 0 320 350
472400 59227 0 58873 0 320 350
472800 59278 0 58922 0 320 350
473200 59314 0 58986 0 320 350
473600 59365 0 59035 0 320 350
474000 59417 0 59083 0 320 350
474400 59464 0 59136 0 320 350
474800 59520 0 59180 0 320 350
475200 59572 0 59228 0 320 350
475600 59630 0 59270 0 320 350
476000 59681 0 59319 0 320 350
476400 59728 0 59372 0 320 350
476800 59778 0 59422 0 320 350
477200 59818 0 59482 0 320 350
477600 59865 0 59535 0 320 350
478000 59914 0 59586 0 320 350
478400 59974 0 59626 0 320 350
478800 60019 0 59681 0 320 350
479200 60067 0 59733 0 320 350
479600 60120 0 59780 0 320 350
480000 60173 0 59827 0 320 350
480400 60218 0 59882 0 320 350
480800 60264 0 59936 0 320 350
481200 60311 0 59989 0 320 350
481600 60364 0 60036 0 320 350
482000 60412 0 60088 0 320 350
482400 60466 0 60134 0 320 350
482800 60516 0 60184 0 320 350
483200 60574 0 60226 0 320 350
483600 60622 0 60278 0 320 350
484000 60663 0 60337 0 320 350
484400 60709 0 60391 0 320 350
484800 60751 0 60449 0 320 350
485200 60799 0 60501 0 320 350
485600 60838 0 60562 0 320 350
486000 60881 0 60619 0 320 350
486400 60939 0 60661 0 320 350
486800 60989 0 60711 0 320 350
487200 61045 0 60755 0 320 350
487600 61096 0 60804 0 320 350
488000 61153 0 60847 0 320 350
488400 61196 0 60904 0 320 350
488800 61240 0 60960 0 320 350
489200 61289 0 61011 0 320 350
489600 61338 0 61062 0 320 350
490000 61397 0 61103 0 320 350
490400 61447 0 61153 0 320 350
490800 61502 0 61198 0 320 350
491200 61563 0 61237 0 320 350
491600 61621 0 61279 0 320 350
492000 61663 0 61337 0 320 350
492400 61716 0 61384 0 320 350
492800 61757 0 61443 0 320 350
493200 61798 0 61502 0 320 350
493600 61849 0 61551 0 320 350
494000 61899 0 61601 0 320 350
494400 61957 0 61643 0 320 350
494800 62007 0 61693 0 320 350
495200 62055 0 61745 0 320 350
495600 62111 0 61789 0 320 350
496000 62166 0 61834 0 320 350
496400 62213 0 61887 0 320 350
496800 62259 0 61941 0 320 350
497200 62314 0 61986 0 320 350
497600 62367 0 62033 0 320 350
498000 62410 0 62090 0 320 350
498400 62459 0 62141 0 320 350
498800 62511 0 62189 0 320 350
499200 62556 0 62244 0 320 350
499600 62603 0 62297 0 320 350
500000 62652 0 62348 0 320 350
500400 62698 0 62402 0 320 350
500800 62753 0 62447 0 320 350
501200 62798 0 62502 0 320 350
501600 62844 0 62556 0 320 350
502000 62892 0 62608 0 320 350
502400 62946 0 62654 0 320 350
502800 63000 0 62700 0 320 350
503200 63047 0 62753 0 320 350
503600 63100 0 62800 0 320 350
504000 63141 0 62859 0 320 350
504400 63196 0 62904 0 320 350
504800 63239 0 62961 0 320 350
505200 63290 0 63010 0 320 350
505600 63338 0 63062 0 320 350
506000 63383 0 63117 0 320 350
506400 63430 0 63170 0 320 350
506800 63470 0 63230 0 320 350
507200 63517 0 63283 0 320 350
507600 63561 0 63339 0 320 350
508000 63599 0 63401 0 320 350
508400 63653 0 63447 0 320 350
508800 63693 0 63507 0 320 350
509200 63741 0 63559 0 320 350
509600 63788 0 63612 0 320 350
510000 63834 0 63666 0 320 350
510400 63886 0 63714 0 320 350
510800 63937 0 63763 0 320 350
511200 63976 0 63824 0 320 350
511600 64028 0 63872 0 320 350
512000 64079 0 63921 0 320 350
512400 64122 0 63978 0 320 350
512800 64174 0 64026 0 320 350
513200 64225 0 64075 1 319 349
513600 64280 0 64120 1 319 349
514000 64323 0 64177 1 319 349
514400 64379 0 64221 1 319 349
514800 64435 0 64265 1 319 349
515200 64489 0 64311 1 319 349
515600 64532 0 64368 1 319 349
516000 64582 0 64418 1 319 349
516400 64631 0 64469 1 319 349
516800 64692 0 64508 1 319 349
517200 64739 0 64561 1 319 349
517600 64789 0 64611 1 319 349
518000 64824 0 64676 1 319 349
518400 64871 0 64729 1 319 349
518800 64919 0 64781 1 319 349
519200 64964 0 64836 1 319 349
519600 65017 0 64883 1 319 349
520000 65058 0 64942 1 319 349
520400 65109 0 64991 1 319 349
520800 65161 0 65039 1 319 349
521200 65209 0 65091 1 319 349
521600 65256 0 65144 1 319 349
522000 65303 0 65197 1 319 349
522400 65354 0 65246 1 319 349
522800 65405 0 65295 1 319 349
523200 65460 0 65340 1 319 349
523600 65510 0 65390 1 319 349
524000 65558 0 65442 1 319 349
524400 65615 0 65485 1 319 349
524800 65663 0 65537 1 319 349
525200 65720 0 65580 1 319 349
525600 65766 0 65634 1 319 349
526000 65819 0 65681 1 319 349
526400 65871 0 65729 1 319 349
526800 65932 0 65768 1 319 349
527200 65978 0 65822 1 319 349
527600 66032 0 65868 1 319 349
528000 66077 0 65923 1 319 349
528400 66123 0 65977 1 319 349
528800 66166 0 66034 1 319 349
529200 66216 0 66084 1 319 349
529600 66261 0 66139 1 319 349
530000 66313 0 66187 1 319 349
530400 66363 0 66237 1 319 349
530800 66415 0 66285 1 319 349
531200 66468 0 66332 1 319 349
531600 66523 0 66377 1 319 349
532000 66568 0 66432 1 319 349
532400 66615 0 66485 1 319 349
532800 66656 0 66544 1 319 349
533200 66701 0 66599 1 319 349
533600 66756 0 66644 1 319 349
534000 66804 0 66696 1 319 349
534400 66851 0 66749 1 319 349
534800 66900 0 66800 1 319 349
535200 66956 0 66844 1 319 349
535600 67008 0 66892 1 319 349
536000 67058 0 66942 1 319 349
536400 67108 0 66992 1 319 349
536800 67160 0 67040 1 319 349
537200 67214 0 67086 1 319 349
537600 67271 0 67129 1 319 349
538000 67322 0 67178 1 319 349
538400 67374 0 67226 1 319 349
538800 67425 0 67275 1 319 349
539200 67478 0 67322 1 319 349
539600 67524 0 67376 1 319 349
540000 67569 0 67431 1 319 349
540400 67619 0 67481 1 319 349
540800 67670 0 67530 1 319 349
541200 67715 0 67585 1 319 349
541600 67761 0 67639 1 319 349
542000 67806 0 67694 1 319 349
542400 67853 0 67747 1 319 349
542800 67894 0 67806 1 319 349
543200 67945 0 67855 1 319 349
543600 67995 0 67905 1 319 349
544000 68045 0 67955 1 319 349
544400 68108 0 67992 1 319 349
544800 68156 0 68044 1 319 349
545200 68199 0 68101 1 319 349
545600 68249 0 68151 1 319 349
546000 68298 0 68202 1 319 349
546400 68349 0 68251 1 319 349
546800 68398 0 68302 1 319 349
547200 68445 0 68355 1 319 349
547600 68497 0 68403 1 319 349
548000 68548 0 68452 1 319 349
548400 68597 0 68503 1 319 349
548800 68646 0 68554 1 319 349
549200 68697 0 68603 1 319 349
549600 68750 0 68650 1 319 349
550000 68801 0 68699 1 319 349
550400 68855 0 68745 1 319 349
550800 68906 0 68794 1 319 349
551200 68962 0 68838 1 319 349
551600 69012 0 68888 1 319 349
552000 69065 0 68935 1 319 349
552400 69113 0 68987 1 319 349
552800 69158 0 69042 1 319 349
553200 69212 0 69088 1 319 349
553600 69270 0 69130 1 319 349
554000 69324 0 69176 1 319 349
554400 69385 0 69215 1 319 349
554800 69435 0 69265 1 319 349
555200 69481 0 69319 1 319 349
555600 69530 0 69370 1 319 349
556000 69579 0 69421 1 319 349
556400 69628 0 69472 1 319 349
556800 69680 0 69520 1 319 349
557200 69738 0 69562 1 319 349
557600 69788 0 69612 1 319 349
558000 69827 0 69673 1 319 349
558400 69881 0 69719 1 319 349
558800 69931 0 69769 1 319 349
559200 69984 0 69816 1 319 349
559600 70037 0 69863 1 319 349
560000 70083 0 69917 1 319 349
560400 70129 0 69971 1 319 349
560800 70174 0 70026 1 319 349
561200 70220 0 70080 1 319 349
561600 70269 0 70131 1 319 349
562000 70324 0 70176 1 319 349
562400 70371 0 70229 1 319 349
562800 70426 0 70274 1 319 349
563200 70467 0 70333 1 319 349
563600 70519 0 70381 1 319 349
564000 70566 0 70434 1 319 349
564400 70612 0 70488 1 319 349
564800 70657 0 70543 1 319 349
565200 70708 0 70592 1 319 349
565600 70760 0 70640 1 319 349
566000 70800 0 70700 1 319 349
566400 70849 0 70751 1 319 349
566800 70902 0 70798 1 319 349
567200 70956 0 70844 1 319 349
567600 71014 0 70886 1 319 349
568000 71076 0 70924 1 319 349
568400 71123 0 70977 1 319 349
568800 71171 0 71029 1 319 349
569200 71224 0 71076 1 319 349
569600 71276 0 71124 2 318 348
570000 71329 0 71171 2 318 348
570400 71379 0 71221 2 318 348
570800 71432 0 71268 2 318 348
571200 71474 0 71326 2 318 348
571600 71530 0 71370 2 318 348
572000 71590 0 71410 2 318 348
572400 71638 0 71462 2 318 348
572800 71683 0 71517 2 318 348
573200 71734 0 71566 2 318 348
573600 71780 0 71620 2 318 348
574000 71829 0 71671 2 318 348
574400 71875 0 71725 2 318 348
574800 71925 0 71775 2 318 348
575200 71972 0 71828 2 318 348
575600 72026 0 71874 2 318 348
576000 72074 0 71926 2 318 348
576400 72116 0 71984 2 318 348
576800 72166 0 72034 2 318 348
577200 72221 0 72079 2 318 348
577600 72278 0 72122 2 318 348
578000 72328 0 72172 2 318 348
578400 72379 0 72221 2 318 348
578800 72429 0 72271 2 318 348
579200 72482 0 72318 2 318 348
579600 72530 0 72370 2 318 348
580000 72580 0 72420 2 318 348
580400 72629 0 72471 2 318 348
580800 72674 0 72526 2 318 348
581200 72725 0 72575 2 318 348
581600 72781 0 72619 2 318 348
582000 72830 0 72670 2 318 348
582400 72885 0 72715 2 318 348
582800 72934 0 72766 2 318 348
583200 72988 0 72812 2 318 348
583600 73042 0 72858 2 318 348
584000 73088 0 72912 2 318 348
584400 73138 0 72962 2 318 348
584800 73186 0 73014 2 318 348
585200 73234 0 73066 2 318 348
585600 73281 0 73119 2 318 348
586000 73339 0 73161 2 318 348
586400 73388 0 73212 2 318 348
586800 73437 0 73263 2 318 348
587200 73486 0 73314 2 318 348
587600 73531 0 73369 2 318 348
588000 73579 0 73421 2 318 348
588400 73635 0 73465 2 318 348
588800 73691 0 73509 2 318 348
589200 73740 0 73560 2 318 348
589600 73789 0 73611 2 318 348
590000 73841 0 73659 2 318 348
590400 73895 0 73705 2 318 348
590800 73939 0 73761 2 318 348
591200 73996 0 73804 2 318 348
591600 74050 0 73850 2 318 348
592000 74091 0 73909 2 318 348
592400 74141 0 73959 2 318 348
592800 74194 0 74006 2 318 348
593200 74243 0 74057 2 318 348
593600 74289 0 74111 2 318 348
594000 74337 0 74163 2 318 348
594400 74397 0 74203 2 318 348
594800 74442 0 74258 2 318 348
595200 74503 0 74297 2 318 348
595600 74559 0 74341 2 318 348
596000 74608 0 74392 2 318 348
596400 74655 0 74445 2 318 348
596800 74710 0 74490 2 318 348
597200 74758 0 74542 2 318 348
597600 74805 0 74595 2 318 348
598000 74859 0 74641 2 318 348
598400 74915 0 74685 2 318 348
598800 74969 0 74731 2 318 348
599200 75022 0 74778 2 318 348
599600 75072 0 74828 2 318 348
600000 75111 0 74889 2 318 348
600400 75163 0 74937 2 318 348
600800 75215 0 74985 2 318 348
601200 75276 0 75024 2 318 348
601600 75328 0 75072 2 318 348
602000 75378 0 75122 2 318 348
602400 75440 0 75160 2 318 348
602800 75500 0 75200 2 318 348
603200 75556 0 75244 2 318 348
603600 75605 0 75295 2 318 348
604000 75656 0 75344 2 318 348
604400 75702 0 75398 2 318 348
604800 75743 0 75457 2 318 348
605200 75795 0 75505 2 318 348
605600 75851 0 75549 2 318 348
606000 75907 0 75593 2 318 348
606400 75958 0 75642 2 318 348
606800 76005 0 75695 2 318 348
607200 76061 0 75739 2 318 348
607600 76115 0 75785 2 318 348
608000 76167 0 75833 2 318 348
608400 76218 0 75882 2 318 348
608800 76276 0 75924 2 318 348
609200 76327 0 75973 2 318 348
609600 76384 0 76016 2 318 348
610000 76437 0 76063 2 318 348
610400 76488 0 76112 2 318 348
610800 76539 0 76161 2 318 348
611200 76586 0 76214 2 318 348
611600 76633 0 76267 3 317 347
612000 76678 0 76322 3 317 347
612400 76731 0 76369 3 317 347
612800 76778 0 76422 3 317 347
613200 76831 0 76469 3 317 347
613600 76886 0 76514 3 317 347
614000 76936 0 76564 3 317 347
614400 76978 0 76622 3 317 347
614800 77026 0 76674 3 317 347
615200 77077 0 76723 3 317 347
615600 77125 0 76775 3 317 347
616000 77180 0 76820 3 317 347
616400 77230 0 76870 3 317 347
616800 77271 0 76929 3 317 347
617200 77326 0 76974 3 317 347
617600 77383 0 77017 3 317 347
618000 77429 0 77071 3 317 347
618400 77471 0 77129 3 317 347
618800 77515 0 77185 3 317 347
619200 77567 0 77233 3 317 347
619600 77622 0 77278 3 317 347
620000 77668 0 77332 3 317 347
620400 77721 0 77379 3 317 347
620800 77770 0 77430 3 317 347
621200 77820 0 77480 3 317 347
621600 77873 0 77527 3 317 347
622000 77925 0 77575 3 317 347
622400 77972 0 77628 3 317 347
622800 78018 0 77682 3 317 347
623200 78065 0 77735 3 317 347
623600 78106 0 77794 3 317 347
624000 78149 0 77851 3 317 347
624400 78206 0 77894 3 317 347
624800 78252 0 77948 3 317 347
625200 78299 0 78001 3 317 347
625600 78354 0 78046 3 317 347
626000 78411 0 78089 3 317 347
626400 78460 0 78140 3 317 347
626800 78500 0 78200 3 317 347
627200 78544 0 78256 3 317 347
627600 78586 0 78314 3 317 347
628000 78639 0 78361 3 317 347
628400 78687 0 78413 3 317 347
628800 78744 0 78456 3 317 347
629200 78783 0 78517 3 317 347
629600 78823 0 78577 4 316 346
630000 78860 0 78640 4 316 346
630400 78914 0 78686 4 316 346
630800 78959 0 78741 4 316 346
631200 79006 0 78794 4 316 346
631600 79062 0 78838 4 316 346
632000 79116 0 78884 4 316 346
632400 79169 0 78931 4 316 346
632800 79222 0 78978 4 316 346
633200 79276 0 79024 4 316 346
633600 79330 0 79070 4 316 346
634000 79373 0 79127 4 316 346
634400 79422 0 79178 4 316 346
634800 79477 0 79223 4 316 346
635200 79528 0 79272 4 316 346
635600 79576 0 79324 4 316 346
636000 79631 0 79369 4 316 346
636400 79686 0 79414 4 316 346
636800 79735 0 79465 4 316 346
637200 79781 0 79519 4 316 346
637600 79831 0 79569 4 316 346
638000 79887 0 79613 4 316 346
638400 79929 0 79671 4 316 346
638800 79981 0 79719 4 316 346
639200 80023 0 79777 4 316 346
639600 80076 0 79824 4 316 346
640000 80130 0 79870 4 316 346
640400 80174 0 79926 4 316 346
640800 80218 0 79982 4 316 346
641200 80258 0 80042 4 316 346
641600 80308 0 80092 4 316 346
642000 80361 0 80139 4 316 346
642400 80422 0 80178 4 316 346
642800 80459 0 80241 4 316 346
643200 80512 0 80288 4 316 346
643600 80557 0 80343 4 316 346
644000 80608 0 80392 4 316 346
644400 80662 0 80438 4 316 346
644800 80715 0 80485 4 316 346
645200 80767 0 80533 4 316 346
645600 80826 0 80574 4 316 346
646000 80871 0 80629 4 316 346
646400 80929 0 80671 4 316 346
646800 80968 0 80732 4 316 346
647200 81017 0 80783 4 316 346
647600 81065 0 80835 4 316 346
648000 81115 0 80885 4 316 346
648400 81176 0 80924 4 316 346
648800 81231 0 80969 4 316 346
649200 81285 0 81015 4 316 346
649600 81338 0 81062 4 316 346
650000 81392 0 81108 4 316 346
650400 81447 0 81153 4 316 346
650800 81496 0 81204 4 316 346
651200 81539 0 81261 4 316 346
651600 81589 0 81311 4 316 346
652000 81640 0 81360 4 316 346
652400 81685 0 81415 4 316 346
652800 81734 0 81466 4 316 346
653200 81786 0 81514 4 316 346
653600 81835 0 81565 4 316 346
654000 81887 0 81613 4 316 346
654400 81935 0 81665 4 316 346
654800 81987 0 81713 4 316 346
655200 82038 0 81762 4 316 346
655600 82080 0 81820 4 316 346
656000 82133 0 81867 4 316 346
656400 82181 0 81919 4 316 346
656800 82235 0 81965 4 316 346
657200 82283 0 82017 4 316 346
657600 82334 0 82066 4 316 346
658000 82378 0 82122 4 316 346
658400 82430 0 82170 4 316 346
658800 82495 0 82205 4 316 346
659200 82546 0 82254 4 316 346
659600 82592 0 82308 4 316 346
660000 82644 0 82356 4 316 346
660400 82686 0 82414 4 316 346
660800 82729 0 82471 4 316 346
661200 82780 0 82520 4 316 346
661600 82836 0 82564 4 316 346
662000 82878 0 82622 4 316 346
662400 82925 0 82675 4 316 346
662800 82986 0 82714 4 316 346
663200 83038 0 82762 4 316 346
663600 83091 0 82809 4 316 346
664000 83134 0 82866 4 316 346
664400 83192 0 82908 4 316 346
664800 83249 0 82951 4 316 346
665200 83301 0 82999 4 316 346
665600 83350 0 83050 4 316 346
666000 83403 0 83097 4 316 346
666400 83460 0 83140 4 316 346
666800 83514 0 83186 4 316 346
667200 83564 0 83236 4 316 346
667600 83618 0 83282 4 316 346
668000 83674 0 83326 4 316 346
668400 83722 0 83378 4 316 346
668800 83770 0 83430 4 316 346
669200 83821 0 83479 4 316 346
669600 83877 0 83523 4 316 346
670000 83917 0 83583 4 316 346
670400 83966 0 83634 4 316 346
670800 84020 0 83680 4 316 346
671200 84065 0 83735 4 316 346
671600 84124 0 83776 4 316 346
672000 84169 0 83831 4 316 346
672400 84218 0 83882 4 316 346
672800 84272 0 83928 4 316 346
673200 84318 0 83982 4 316 346
673600 84368 0 84032 4 316 346
674000 84419 0 84081 4 316 346
674400 84474 0 84126 4 316 346
674800 84528 0 84172 4 316 346
675200 84577 0 84223 4 316 346
675600 84628 0 84272 4 316 346
676000 84689 0 84311 4 316 346
676400 84739 0 84361 4 316 346
676800 84786 0 84414 4 316 346
677200 84834 0 84466 4 316 346
677600 84885 0 84515 4 316 346
678000 84922 0 84578 4 316 346
678400 84970 0 84630 4 316 346
678800 85023 0 84677 4 316 346
679200 85070 0 84730 4 316 346
679600 85122 0 84778 4 316 346
680000 85176 0 84824 4 316 346
680400 85227 0 84873 4 316 346
680800 85281 0 84919 4 316 346
681200 85330 0 84970 4 316 346
681600 85374 0 85026 4 316 346
682000 85430 0 85070 4 316 346
682400 85480 0 85120 4 316 346
682800 85541 0 85159 4 316 346
683200 85578 0 85222 4 316 346
683600 85622 0 85278 4 316 346
684000 85670 0 85330 4 316 346
684400 85721 0 85379 4 316 346
684800 85761 0 85439 4 316 346
685200 85808 0 85492 4 316 346
685600 85856 0 85544 4 316 346
686000 85907 0 85593 4 316 346
686400 85953 0 85647 4 316 346
686800 86011 0 85689 4 316 346
687200 86058 0 85742 4 316 346
687600 86108 0 85792 4 316 346
688000 86165 0 85835 4 316 346
688400 86220 0 85880 4 316 346
688800 86263 0 85937 4 316 346
689200 86309 0 85991 4 316 346
689600 86357 0 86043 4 316 346
690000 86404 0 86096 4 316 346
690400 86454 0 86146 4 316 346
690800 86498 0 86202 4 316 346
691200 86543 0 86257 4 316 346
691600 86589 0 86311 4 316 346
692000 86636 0 86364 4 316 346
692400 86681 0 86419 4 316 346
692800 86732 0 86468 4 316 346
693200 86781 0 86519 4 316 346
693600 86830 0 86570 4 316 346
694000 86879 0 86621 4 316 346
694400 86929 0 86671 4 316 346
694800 86977 0 86723 4 316 346
695200 87025 0 86775 4 316 346
695600 87082 0 86818 4 316 346
696000 87143 0 86857 4 316 346
696400 87197 0 86903 4 316 346
696800 87234 0 86966 4 316 346
697200 87286 0 87014 4 316 346
697600 87329 0 87071 4 316 346
698000 87378 0 87122 4 316 346
698400 87433 0 87167 4 316 346
698800 87484 0 87216 4 316 346
699200 87538 0 87262 4 316 346
699600 87582 0 87318 4 316 346
700000 87630 0 87370 4 316 346
700400 87684 0 87416 4 316 346
700800 87736 0 87464 4 316 346
701200 87782 0 87518 4 316 346
701600 87827 0 87573 4 316 346
702000 87874 0 87626 4 316 346
702400 87926 0 87674 4 316 346
702800 87980 0 87720 4 316 346
703200 88034 0 87766 4 316 346
703600 88090 0 87810 4 316 346
704000 88142 0 87858 4 316 346
704400 88188 0 87912 4 316 346
704800 88232 0 87968 4 316 346
705200 88281 0 88019 4 316 346
705600 88330 0 88070 4 316 346
706000 88387 0 88113 4 316 346
706400 88445 0 88155 4 316 346
706800 88499 0 88201 4 316 346
707200 88551 0 88249 4 316 346
707600 88597 0 88303 4 316 346
708000 88645 0 88355 4 316 346
708400 88696 0 88404 4 316 346
708800 88737 0 88463 4 316 346
709200 88785 0 88515 4 316 346
709600 88833 0 88567 4 316 346
710000 88885 0 88615 4 316 346
710400 88934 0 88666 4 316 346
710800 88983 0 88717 4 316 346
711200 89040 0 88760 4 316 346
711600 89102 0 88798 4 316 346
712000 89150 0 88850 4 316 346
712400 89193 0 88907 4 316 346
712800 89245 0 88955 4 316 346
713200 89292 0 89008 4 316 346
713600 89340 0 89060 4 316 346
714000 89391 0 89109 4 316 346
714400 89446 0 89154 4 316 346
714800 89494 0 89206 4 316 346
715200 89547 0 89253 4 316 346
715600 89594 0 89306 4 316 346
716000 89636 0 89364 4 316 346
716400 89693 0 89407 4 316 346
716800 89747 0 89453 4 316 346
717200 89789 0 89511 4 316 346
717600 89842 0 89558 4 316 346
718000 89905 0 89595 4 316 346
718400 89960 0 89640 4 316 346
718800 90018 0 89682 4 316 346
719200 90073 0 89727 4 316 346
719600 90116 0 89784 4 316 346
720000 90167 0 89833 5 315 345
720400 90217 0 89883 5 315 345
720800 90261 0 89939 5 315 345
721200 90315 0 89985 5 315 345
721600 90363 0 90037 5 315 345
722000 90409 0 90091 5 315 345
722400 90453 0 90147 5 315 345
722800 90501 0 90199 5 315 345
723200 90553 0 90247 5 315 345
723600 90608 0 90292 5 315 345
724000 90650 0 90350 5 315 345
724400 90707 0 90393 5 315 345
724800 90759 0 90441 5 315 345
725200 90809 0 90491 5 315 345
725600 90856 0 90544 5 315 345
726000 90905 0 90595 5 315 345
726400 90947 0 90653 5 315 345
726800 90998 0 90702 5 315 345
727200 91054 0 90746 5 315 345
727600 91112 0 90788 5 315 345
728000 91160 0 90840 5 315 345
728400 91222 0 90878 5 315 345
728800 91274 0 90926 5 315 345
729200 91319 0 90981 5 315 345
729600 91372 0 91028 5 315 345
730000 91427 0 91073 5 315 345
730400 91475 0 91125 5 315 345
730800 91518 0 91182 5 315 345
731200 91574 0 91226 5 315 345
731600 91630 0 91270 5 315 345
732000 91688 0 91312 5 315 345
732400 91734 0 91366 5 315 345
732800 91777 0 91423 5 315 345
733200 91821 0 91479 5 315 345
733600 91863 0 91537 5 315 345
734000 91911 0 91589 5 315 345
734400 91961 0 91639 5 315 345
734800 92011 0 91689 5 315 345
735200 92058 0 91742 5 315 345
735600 92106 0 91794 5 315 345
736000 92152 0 91848 5 315 345
736400 92202 0 91898 5 315 345
736800 92254 0 91946 5 315 345
737200 92308 0 91992 5 315 345
737600 92359 0 92041 5 315 345
738000 92414 0 92086 5 315 345
738400 92472 0 92128 5 315 345
738800 92527 0 92173 5 315 345
739200 92578 0 92222 5 315 345
739600 92630 0 92270 5 315 345
740000 92681 0 92319 5 315 345
740400 92731 0 92369 5 315 345
740800 92775 0 92425 5 315 345
741200 92825 0 92475 5 315 345
741600 92866 0 92534 5 315 345
742000 92917 0 92583 5 315 345
742400 92964 0 92636 5 315 345
742800 93018 0 92682 5 315 345
743200 93066 0 92734 5 315 345
743600 93107 0 92793 5 315 345
744000 93154 0 92846 5 315 345
744400 93211 0 92889 5 315 345
744800 93264 0 92936 5 315 345
745200 93311 0 92989 5 315 345
745600 93359 0 93041 5 315 345
746000 93407 0 93093 5 315 345
746400 93463 0 93137 5 315 345
746800 93519 0 93181 5 315 345
747200 93565 0 93235 5 315 345
747600 93610 0 93290 5 315 345
748000 93652 0 93348 5 315 345
748400 93700 0 93400 5 315 345
748800 93749 0 93451 5 315 345
749200 93790 0 93510 5 315 345
749600 93839 0 93561 5 315 345
750000 93887 0 93613 5 315 345
750400 93941 0 93659 5 315 345
750800 93998 0 93702 5 315 345
751200 94048 0 93752 5 315 345
751600 94103 0 93797 5 315 345
752000 94155 0 93845 5 315 345
752400 94199 0 93901 5 315 345
752800 94248 0 93952 5 315 345
753200 94295 0 94005 5 315 345
753600 94344 0 94056 5 315 345
754000 94401 0 94099 5 315 345
754400 94460 0 94140 5 315 345
754800 94503 0 94197 5 315 345
755200 94548 0 94252 5 315 345
755600 94597 0 94303 5 315 345
756000 94652 0 94348 5 315 345
756400 94707 0 94393 5 315 345
756800 94755 0 94445 5 315 345
757200 94799 0 94501 5 315 345
757600 94849 0 94551 5 315 345
758000 94895 0 94605 5 315 345
758400 94946 0 94654 5 315 345
758800 94991 0 94709 5 315 345
759200 95036 0 94764 5 315 345
759600 95089 0 94811 5 315 345
760000 95138 0 94862 5 315 345
760400 95186 0 94914 5 315 345
760800 95229 0 94971 5 315 345
761200 95279 0 95021 5 315 345
761600 95324 0 95076 5 315 345
762000 95379 0 95121 5 315 345
762400 95430 0 95170 5 315 345
762800 95479 0 95221 5 315 345
763200 95527 0 95273 5 315 345
763600 95578 0 95322 5 315 345
764000 95618 0 95382 5 315 345
764400 95673 0 95427 5 315 345
764800 95733 0 95467 5 315 345
765200 95785 0 95515 5 315 345
765600 95830 0 95570 5 315 345
766000 95889 0 95611 5 315 345
766400 95945 0 95655 5 315 345
766800 95996 0 95704 5 315 345
767200 96043 0 95757 5 315 345
767600 96093 0 95807 5 315 345
768000 96136 0 95864 5 315 345
768400 96187 0 95913 5 315 345
768800 96236 0 95964 5 315 345
769200 96285 0 96015 5 315 345
769600 96335 0 96065 5 315 345
770000 96380 0 96120 5 315 345
770400 96436 0 96164 5 315 345
770800 96483 0 96217 5 315 345
771200 96533 0 96267 5 315 345
771600 96587 0 96313 5 315 345
772000 96649 0 96351 5 315 345
772400 96699 0 96401 5 315 345
772800 96743 0 96457 5 315 345
773200 96793 0 96507 5 315 345
773600 96850 0 96550 5 315 345
774000 96903 0 96597 5 315 345
774400 96954 0 96646 5 315 345
774800 97009 0 96691 5 315 345
775200 97056 0 96744 5 315 345
775600 97101 0 96799 5 315 345
776000 97163 0 96837 5 315 345
776400 97209 0 96891 5 315 345
776800 97258 0 96942 5 315 345
777200 97312 0 96988 5 315 345
777600 97369 0 97031 5 315 345
778000 97421 0 97079 5 315 345
778400 97468 0 97132 5 315 345
778800 97526 0 97174 5 315 345
779200 97573 0 97227 5 315 345
779600 97624 0 97276 5 315 345
780000 97676 0 97324 5 315 345
780400 97722 0 97378 5 315 345
780800 97775 0 97425 5 315 345
781200 97815 0 97485 5 315 345
781600 97863 0 97537 5 315 345
782000 97909 0 97591 5 315 345
782400 97954 0 97646 5 315 345
782800 97995 0 97705 5 315 345
783200 98058 0 97742 5 315 345
783600 98110 0 97790 5 315 345
784000 98153 0 97847 5 315 345
784400 98201 0 97899 5 315 345
784800 98260 0 97940 5 315 345
785200 98312 0 97988 5 315 345
785600 98371 0 98029 5 315 345
786000 98420 0 98080 5 315 345
786400 98470 0 98130 5 315 345
786800 98519 0 98181 5 315 345
787200 98569 0 98231 5 315 345
787600 98623 0 98277 5 315 345
788000 98673 0 98327 5 315 345
788400 98729 0 98371 5 315 345
788800 98783 0 98417 5 315 345
789200 98833 0 98467 5 315 345
789600 98887 0 98513 5 315 345
790000 98938 0 98562 5 315 345
790400 98990 0 98610 5 315 345
790800 99044 0 98656 5 315 345
791200 99097 0 98703 5 315 345
791600 99151 0 98749 5 315 345
792000 99204 0 98796 5 315 345
792400 99251 0 98849 5 315 345
792800 99305 0 98895 5 315 345
793200 99359 0 98941 5 315 345
793600 99414 0 98986 5 315 345
794000 99466 0 99034 5 315 345
794400 99525 0 99075 5 315 345
794800 99562 0 99138 5 315 345
795200 99610 0 99190 5 315 345
795600 99672 0 99228 5 315 345
796000 99724 0 99276 5 315 345
796400 99766 0 99334 5 315 345
796800 99822 0 99378 5 315 345
797200 99875 0 99425 5 315 345
797600 99917 0 99483 5 315 345
798000 99962 0 99538 5 315 345
798400 100011 0 99589 5 315 345
798800 100073 0 99627 5 315 345
799200 100121 0 99679 5 315 345
799600 100172 0 99728 5 315 345
800000 100229 0 99771 5 315 345
800400 100289 0 99811 5 315 345
800800 100330 0 99870 5 315 345
801200 100380 0 99920 5 315 345
801600 100430 0 99970 5 315 345
802000 100476 0 100024 5 315 345
802400 100522 0 100078 5 315 345
802800 100569 0 100131 5 315 345
803200 100615 0 100185 5 315 345
803600 100664 0 100236 5 315 345
804000 100715 0 100285 5 315 345
804400 100771 0 100329 5 315 345
804800 100827 0 100373 5 315 345
805200 100882 0 100418 5 315 345
805600 100931 0 100469 5 315 345
806000 100988 0 100512 5 315 345
806400 101039 0 100561 5 315 345
806800 101083 0 100617 5 315 345
807200 101140 0 100660 5 315 345
807600 101185 0 100715 5 315 345
808000 101236 0 100764 5 315 345
808400 101279 0 100821 5 315 345
808800 101328 0 100872 5 315 345
809200 101383 0 100917 5 315 345
809600 101435 0 100965 5 315 345
810000 101484 0 101016 5 315 345
810400 101530 0 101070 5 315 345
810800 101585 0 101115 5 315 345
811200 101644 0 101156 5 315 345
811600 101695 0 101205 5 315 345
812000 101752 0 101248 5 315 345
812400 101800 0 101300 5 315 345
812800 101855 0 101345 5 315 345
813200 101901 0 101399 5 315 345
813600 101947 0 101453 5 315 345
814000 102000 0 101500 5 315 345
814400 102047 0 101553 5 315 345
814800 102098 0 101602 5 315 345
815200 102155 0 101645 5 315 345
815600 102201 0 101699 5 315 345
816000 102251 0 101749 5 315 345
816400 102303 0 101797 5 315 345
816800 102351 0 101849 5 315 345
817200 102398 0 101902 5 315 345
817600 102447 0 101953 5 315 345
818000 102502 0 101998 5 315 345
818400 102553 0 102047 5 315 345
818800 102608 0 102092 5 315 345
819200 102660 0 102140 5 315 345
819600 102711 0 102189 5 315 345
820000 102760 0 102240 5 315 345
820400 102808 0 102292 5 315 345
820800 102864 0 102336 5 315 345
821200 102922 0 102378 5 315 345
821600 102974 0 102426 5 315 345
822000 103016 0 102484 5 315 345
822400 103067 0 102533 5 315 345
822800 103113 0 102587 5 315 345
823200 103164 0 102636 5 315 345
823600 103217 0 102683 5 315 345
824000 103260 0 102740 5 315 345
824400 103306 0 102794 5 315 345
824800 103356 0 102844 5 315 345
825200 103403 0 102897 5 315 345
825600 103451 0 102949 5 315 345
826000 103504 0 102996 5 315 345
826400 103553 0 103047 5 315 345
826800 103602 0 103098 5 315 345
827200 103648 0 103152 5 315 345
827600 103702 0 103198 5 315 345
828000 103755 0 103245 5 315 345
828400 103810 0 103290 5 315 345
828800 103860 0 103340 5 315 345
829200 103913 0 103387 5 315 345
829600 103962 0 103438 5 315 345
830000 104004 0 103496 5 315 345
830400 104051 0 103549 5 315 345
830800 104102 0 103598 5 315 345
831200 104163 0 103637 5 315 345
831600 104212 0 103688 5 315 345
832000 104267 0 103733 5 315 345
832400 104313 0 103787 5 315 345
832800 104363 0 103837 5 315 345
833200 104410 0 103890 5 315 345
833600 104460 0 103940 5 315 345
834000 104503 0 103997 5 315 345
834400 104559 0 104041 5 315 345
834800 104620 0 104080 5 315 345
835200 104671 0 104129 5 315 345
835600 104728 0 104172 5 315 345
836000 104778 0 104222 5 315 345
836400 104836 0 104264 5 315 345
836800 104885 0 104315 5 315 345
837200 104945 0 104355 5 315 345
837600 104994 0 104406 5 315 345
838000 105050 0 104450 5 315 345
838400 105094 0 104506 5 315 345
838800 105149 0 104551 5 315 345
839200 105205 0 104595 5 315 345
839600 105255 0 104645 5 315 345
840000 105301 0 104699 5 315 345
840400 105351 0 104749 5 315 345
840800 105408 0 104792 5 315 345
841200 105466 0 104834 5 315 345
841600 105513 0 104887 5 315 345
842000 105567 0 104933 5 315 345
842400 105623 0 104977 5 315 345
842800 105680 0 105020 5 315 345
843200 105736 0 105064 5 315 345
843600 105785 0 105115 5 315 345
844000 105851 0 105149 5 315 345
844400 105882 0 105218 5 315 345
844800 105943 0 105257 5 315 345
845200 106000 0 105300 5 315 345
845600 106054 0 105346 5 315 345
846000 106102 0 105398 5 315 345
846400 106150 0 105450 5 315 345
846800 106208 0 105492 5 315 345
847200 106265 0 105535 5 315 345
847600 106314 0 105586 5 315 345
848000 106360 0 105640 5 315 345
848400 106405 0 105695 5 315 345
848800 106460 0 105740 5 315 345
849200 106508 0 105792 5 315 345
849600 106559 0 105841 5 315 345
850000 106607 0 105893 5 315 345
850400 106662 0 105938 5 315 345
850800 106722 0 105978 5 315 345
851200 106785 0 106015 5 315 345
851600 106833 0 106067 5 315 345
852000 106886 0 106114 5 315 345
852400 106931 0 106169 5 315 345
852800 106980 0 106220 5 315 345
853200 107029 0 106271 5 315 345
853600 107082 0 106318 5 315 345
854000 107134 0 106366 5 315 345
854400 107181 0 106419 5 315 345
854800 107230 0 106470 5 315 345
855200 107287 0 106513 5 315 345
855600 107335 0 106565 5 315 345
856000 107376 0 106624 5 315 345
856400 107412 0 106688 5 315 345
856800 107463 0 106737 5 315 345
857200 107500 0 106800 5 315 345
857600 107553 0 106847 5 315 345
858000 107601 0 106899 5 315 345
858400 107649 0 106951 5 315 345
858800 107697 0 107003 5 315 345
859200 107747 0 107053 5 315 345
859600 107797 0 107103 5 315 345
860000 107849 0 107151 5 315 345
860400 107906 0 107194 5 315 345
860800 107950 0 107250 5 315 345
861200 108002 0 107298 5 315 345
861600 108051 0 107349 5 315 345
862000 108097 0 107403 5 315 345
862400 108156 0 107444 5 315 345
862800 108211 0 107489 5 315 345
863200 108264 0 107536 5 315 345
863600 108318 0 107582 5 315 345
864000 108365 0 107635 5 315 345
864400 108421 0 107679 5 315 345
864800 108470 0 107730 5 315 345
865200 108527 0 107773 5 315 345
865600 108571 0 107829 5 315 345
866000 108621 0 107879 5 315 345
866400 108672 0 107928 5 315 345
866800 108724 0 107976 5 315 345
867200 108775 0 108025 5 315 345
867600 108828 0 108072 5 315 345
868000 108879 0 108121 5 315 345
868400 108927 0 108173 5 315 345
868800 108985 0 108215 5 315 345
869200 109046 0 108254 5 315 345
869600 109097 0 108303 5 315 345
870000 109141 0 108359 5 315 345
870400 109187 0 108413 5 315 345
870800 109239 0 108461 5 315 345
871200 109293 0 108507 5 315 345
871600 109340 0 108560 5 315 345
872000 109393 0 108607 5 315 345
872400 109444 0 108656 5 315 345
872800 109493 0 108707 5 315 345
873200 109543 0 108757 5 315 345
873600 109593 0 108807 5 315 345
874000 109639 0 108861 5 315 345
874400 109685 0 108915 5 315 345
874800 109733 0 108967 5 315 345
875200 109782 0 109018 5 315 345
875600 109834 0 109066 5 315 345
876000 109883 0 109117 5 315 345
876400 109933 0 109167 5 315 345
876800 109985 0 109215 5 315 345
877200 110039 0 109261 5 315 345
877600 110085 0 109315 5 315 345
878000 110137 0 109363 5 315 345
878400 110191 0 109409 5 315 345
878800 110238 0 109462 5 315 345
879200 110286 0 109514 5 315 345
879600 110335 0 109565 5 315 345
880000 110389 0 109611 5 315 345
880400 110438 0 109662 5 315 345
880800 110491 0 109709 5 315 345
881200 110540 0 109760 5 315 345
881600 110598 0 109802 5 315 345
882000 110649 0 109851 5 315 345
882400 110700 0 109900 5 315 345
882800 110750 0 109950 5 315 345
883200 110807 0 109993 5 315 345
883600 110856 0 110044 5 315 345
884000 110909 0 110091 5 315 345
884400 110961 0 110139 5 315 345
884800 111014 0 110186 5 315 345
885200 111067 0 110233 5 315 345
885600 111121 0 110279 5 315 345
886000 111176 0 110324 5 315 345
886400 111230 0 110370 5 315 345
886800 111276 0 110424 5 315 345
887200 111326 0 110474 5 315 345
887600 111371 0 110529 5 315 345
888000 111427 0 110573 5 315 345
888400 111486 0 110614 5 315 345
888800 111543 0 110657 5 315 345
889200 111596 0 110704 5 315 345
889600 111643 0 110757 5 315 345
890000 111690 0 110810 5 315 345
890400 111744 0 110856 5 315 345
890800 111793 0 110907 5 315 345
891200 111833 0 110967 5 315 345
891600 111889 0 111011 5 315 345
892000 111940 0 111060 5 315 345
892400 111993 0 111107 5 315 345
892800 112039 0 111161 5 315 345
893200 112084 0 111216 5 315 345
893600 112133 0 111267 5 315 345
894000 112187 0 111313 5 315 345
894400 112239 0 111361 5 315 345
894800 112294 0 111406 5 315 345
895200 112347 0 111453 5 315 345
895600 112398 0 111502 5 315 345
896000 112450 0 111550 5 315 345
896400 112501 0 111599 5 315 345
896800 112553 0 111647 5 315 345
897200 112594 0 111706 5 315 345
897600 112649 0 111751 5 315 345
898000 112705 0 111795 5 315 345
898400 112758 0 111842 5 315 345
898800 112812 0 111888 5 315 345
899200 112869 0 111931 5 315 345
899600 112908 0 111992 5 315 345
900000 112960 0 112040 5 315 345
900400 113014 0 112086 5 315 345
900800 113065 0 112135 5 315 345
901200 113116 0 112184 5 315 345
901600 113167 0 112233 5 315 345
902000 113216 0 112284 5 315 345
902400 113269 0 112331 5 315 345
902800 113320 0 112380 5 315 345
903200 113373 0 112427 5 315 345
903600 113428 0 112472 5 315 345
904000 113475 0 112525 5 315 345
904400 113527 0 112573 5 315 345
904800 113576 0 112624 5 315 345
905200 113619 0 112681 5 315 345
905600 113663 0 112737 5 315 345
906000 113710 0 112790 5 315 345
906400 113755 0 112845 5 315 345
906800 113807 0 112893 5 315 345
907200 113849 0 112951 5 315 345
907600 113897 0 113003 5 315 345
908000 113939 0 113061 5 315 345
908400 113991 0 113109 5 315 345
908800 114038 0 113162 5 315 345
909200 114089 0 113211 5 315 345
909600 114133 0 113267 5 315 345
910000 114182 0 113318 5 315 345
910400 114238 0 113362 5 315 345
910800 114287 0 113413 5 315 345
911200 114343 0 113457 5 315 345
911600 114387 0 113513 5 315 345
912000 114432 0 113568 5 315 345
912400 114486 0 113614 5 315 345
912800 114538 0 113662 5 315 345
913200 114579 0 113721 5 315 345
913600 114630 0 113770 5 315 345
914000 114676 0 113824 5 315 345
914400 114716 0 113884 5 315 345
914800 114762 0 113938 5 315 345
915200 114813 0 113987 5 315 345
915600 114870 0 114030 5 315 345
916000 114927 0 114073 5 315 345
916400 114974 0 114126 5 315 345
916800 115027 0 114173 5 315 345
917200 115077 0 114223 5 315 345
917600 115134 0 114266 5 315 345
918000 115178 0 114322 5 315 345
918400 115228 0 114372 5 315 345
918800 115281 0 114419 5 315 345
919200 115331 0 114469 5 315 345
919600 115387 0 114513 5 315 345
920000 115444 0 114556 5 315 345
920400 115491 0 114609 5 315 345
920800 115538 0 114662 5 315 345
921200 115581 0 114719 5 315 345
921600 115631 0 114769 5 315 345
922000 115681 0 114819 5 315 345
922400 115738 0 114862 5 315 345
922800 115796 0 114904 5 315 345
923200 115840 0 114960 5 315 345
923600 115889 0 115011 5 315 345
924000 115932 0 115068 5 315 345
924400 115983 0 115117 5 315 345
924800 116040 0 115160 5 315 345
925200 116088 0 115212 5 315 345
925600 116131 0 115269 5 315 345
926000 116179 0 115321 5 315 345
926400 116234 0 115366 5 315 345
926800 116278 0 115422 5 315 345
927200 116328 0 115472 5 315 345
927600 116365 0 115535 5 315 345
928000 116403 0 115597 5 315 345
928400 116458 0 115642 5 315 345
928800 116509 0 115691 5 315 345
929200 116558 0 115742 5 315 345
929600 116597 0 115803 5 315 345
930000 116655 0 115845 5 315 345
930400 116706 0 115894 5 315 345
930800 116764 0 115936 5 315 345
931200 116811 0 115989 5 315 345
931600 116862 0 116038 5 315 345
932000 116913 0 116087 5 315 345
932400 116968 0 116132 5 315 345
932800 117018 0 116182 5 315 345
933200 117068 0 116232 5 315 345
933600 117115 0 116285 5 315 345
934000 117161 0 116339 5 315 345
934400 117202 0 116398 5 315 345
934800 117260 0 116440 5 315 345
935200 117320 0 116480 5 315 345
935600 117382 0 116518 5 315 345
936000 117438 0 116562 5 315 345
936400 117494 0 116606 5 315 345
936800 117534 0 116666 5 315 345
937200 117579 0 116721 5 315 345
937600 117633 0 116767 5 315 345
938000 117689 0 116811 5 315 345
938400 117743 0 116857 5 315 345
938800 117791 0 116909 5 315 345
939200 117838 0 116962 5 315 345
939600 117888 0 117012 5 315 345
940000 117943 0 117057 5 315 345
940400 117994 0 117106 5 315 345
940800 118042 0 117158 5 315 345
941200 118100 0 117200 5 315 345
941600 118147 0 117253 5 315 345
942000 118194 0 117306 5 315 345
942400 118255 0 117345 5 315 345
942800 118307 0 117393 5 315 345
943200 118363 0 117437 5 315 345
943600 118412 0 117488 5 315 345
944000 118466 0 117534 5 315 345
944400 118519 0 117581 5 315 345
944800 118580 0 117620 5 315 345
945200 118627 0 117673 5 315 345
945600 118674 0 117726 5 315 345
946000 118724 0 117776 5 315 345
946400 118778 0 117822 5 315 345
946800 118840 0 117860 5 315 345
947200 118883 0 117917 5 315 345
947600 118926 0 117974 5 315 345
948000 118982 0 118018 5 315 345
948400 119036 0 118064 5 315 345
948800 119092 0 118108 5 315 345
949200 119133 0 118167 5 315 345
949600 119174 0 118226 5 315 345
950000 119226 0 118274 5 315 345
950400 119274 0 118326 5 315 345
950800 119332 0 118368 5 315 345
951200 119380 0 118420 5 315 345
951600 119432 0 118468 5 315 345
952000 119480 0 118520 5 315 345
952400 119532 0 118568 5 315 345
952800 119584 0 118616 5 315 345
953200 119622 0 118678 5 315 345
953600 119674 0 118726 5 315 345
954000 119723 0 118777 5 315 345
954400 119781 0 118819 5 315 345
954800 119832 0 118868 5 315 345
955200 119892 0 118908 5 315 345
955600 119952 0 118948 5 315 345
956000 120004 0 118996 5 315 345
956400 120050 0 119050 5 315 345
956800 120097 0 119103 5 315 345
957200 120149 0 119151 5 315 345
957600 120198 0 119202 5 315 345
958000 120250 0 119250 5 315 345
958400 120297 0 119303 5 315 345
958800 120346 0 119354 5 315 345
959200 120399 0 119401 5 315 345
959600 120443 0 119457 5 315 345
960000 120495 0 119505 6 314 344
960400 120541 0 119559 6 314 344
960800 120595 0 119605 6 314 344
961200 120643 0 119657 6 314 344
961600 120692 0 119708 6 314 344
962000 120738 0 119762 6 314 344
962400 120792 0 119808 6 314 344
962800 120846 0 119854 6 314 344
963200 120881 0 119919 6 314 344
963600 120930 0 119970 6 314 344
964000 120984 0 120016 6 314 344
964400 121028 0 120072 6 314 344
964800 121081 0 120119 6 314 344
965200 121130 0 120170 6 314 344
965600 121182 0 120218 6 314 344
966000 121232 0 120268 6 314 344
966400 121285 0 120315 6 314 344
966800 121332 0 120368 6 314 344
967200 121378 0 120422 6 314 344
967600 121421 0 120479 6 314 344
968000 121474 0 120526 6 314 344
968400 121518 0 120582 6 314 344
968800 121569 0 120631 6 314 344
969200 121610 0 120690 6 314 344
969600 121658 0 120742 6 314 344
970000 121711 0 120789 6 314 344
970400 121755 0 120845 6 314 344
970800 121804 0 120896 6 314 344
971200 121861 0 120939 6 314 344
971600 121916 0 120984 6 314 344
972000 121961 0 121039 6 314 344
972400 122021 0 121079 6 314 344
972800 122072 0 121128 6 314 344
973200 122131 0 121169 6 314 344
973600 122185 0 121215 6 314 344
974000 122233 0 121267 6 314 344
974400 122270 0 121330 6 314 344
974800 122322 0 121378 6 314 344
975200 122364 0 121436 6 314 344
975600 122421 0 121479 6 314 344
976000 122468 0 121532 6 314 344
976400 122517 0 121583 6 314 344
976800 122556 0 121644 6 314 344
977200 122597 0 121703 6 314 344
977600 122662 0 121738 6 314 344
978000 122716 0 121784 6 314 344
978400 122755 0 121845 6 314 344
978800 122807 0 121893 6 314 344
979200 122852 0 121948 6 314 344
979600 122888 0 122012 6 314 344
980000 122929 0 122071 6 314 344
980400 122977 0 122123 6 314 344
980800 123018 0 122182 6 314 344
981200 123064 0 122236 6 314 344
981600 123124 0 122276 6 314 344
982000 123172 0 122328 6 314 344
982400 123226 0 122374 6 314 344
982800 123274 0 122426 6 314 344
983200 123332 0 122468 6 314 344
983600 123388 0 122512 6 314 344
984000 123441 0 122559 6 314 344
984400 123482 0 122618 6 314 344
984800 123534 0 122666 6 314 344
985200 123587 0 122713 6 314 344
985600 123635 0 122765 6 314 344
986000 123686 0 122814 6 314 344
986400 123735 0 122865 6 314 344
986800 123791 0 122909 6 314 344
987200 123838 0 122962 6 314 344
987600 123891 0 123009 6 314 344
988000 123956 0 123044 6 314 344
988400 124004 0 123096 6 314 344
988800 124054 0 123146 6 314 344
989200 124098 0 123202 6 314 344
989600 124152 0 123248 6 314 344
990000 124212 0 123288 6 314 344
990400 124256 0 123344 6 314 344
990800 124303 0 123397 6 314 344
991200 124362 0 123438 6 314 344
991600 124404 0 123496 6 314 344
992000 124460 0 123540 6 314 344
992400 124511 0 123589 6 314 344
992800 124564 0 123636 6 314 344
993200 124608 0 123692 6 314 344
993600 124655 0 123745 6 314 344
994000 124703 0 123797 6 314 344
994400 124748 0 123852 6 314 344
994800 124807 0 123893 6 314 344
995200 124845 0 123955 6 314 344
995600 124895 0 124005 6 314 344
996000 124943 0 124057 6 314 344
996400 124996 0 124104 6 314 344
996800 125054 0 124146 6 314 344
997200 125104 0 124196 6 314 344
997600 125160 0 124240 6 314 344
998000 125221 0 124279 6 314 344
998400 125262 0 124338 6 314 344
998800 125313 0 124387 6 314 344
999200 125358 0 124442 6 314 344
999600 125410 0 124490 6 314 344
1000000 125452 0 124548 6 314 344
